40325
17666
54282
37954
30272
24618
1517
994
50703
9010
2091
70720
6461
43537
60820
19701
32253
24070
52780
12674
5830
22946
10102
36220
49748
39169
47164
66866
38128
26048
43858
69959
2999
10298
35458
2049
56415
56727
19135
8913
35002
12750
46042
56903
19233
44706
6458
58645
36235
56668
66113
23360
28700
30181
42372
57342
39476
64886
66538
66217
28454
53918
58702
27871
45672
7034
66340
61355
16459
3033
6682
15328
55799
845
33694
22048
41081
17896
64634
51753
7667
63509
49422
65647
42439
50172
51240
912
61669
35419
1107
52353
24172
27699
49828
54145
10818
43391
50282
60923
12886
9738
19592
72616
53629
59112
15284
4776
52400
31106
14380
60746
6274
20389
70468
15061
16678
25522
58717
19489
53066
17850
27812
39985
20810
45461
22900
37535
47163
8699
34976
26796
13538
29044
4075
26509
33085
26978
49767
29731
65962
50520
5610
44150
5237
24748
35535
14974
66669
22277
70487
24629
20322
65116
34381
41221
59835
6557
65629
57947
38727
21788
39685
44545
55885
55998
65770
38236
24581
38844
64020
317
58591
36804
41397
52445
56747
44072
513
35605
11490
37061
63671
24288
23375
58338
48453
71574
9563
25277
1886
70241
13738
63034
16680
28680
48173
52524
41536
22196
21570
70061
26480
10934
13421
47116
20036
43798
31707
52636
62299
14275
42393
38401
55119
63482
55903
49229
11907
68464
55236
62412
71406
39951
24231
57234
54123
39698
52670
11258
70464
68482
65993
5451
66009
70077
27094
2488
24867
67921
31820
40731
48746
16751
51146
10739
9495
51113
6137
60070
30186
58671
14069
6941
52857
67191
16875
71569
52360
21755
43205
5893
67062
48363
32696
19868
12168
29862
56926
49282
57316
67534
69392
46915
50780
24808
53332
63194
17949
46522
13955
31476
1991
59174
62137
28540
41362
19624
72945
41517
3261
67977
8239
28652
31472
31170
65005
34468
6265
51597
20171
28744
61461
14697
27279
29364
8137
39935
63713
18860
15684
23295
14634
20951
7315
32072
10319
7095
22451
2710
65181
1423
63248
29667
24378
31563
6815
64837
9243
67355
61634
7000
2693
31178
7546
68340
62325
24322
39821
10011
66383
26260
36226
35456
34298
12185
19370
31844
27423
61647
8774
61241
51308
69103
63121
55406
17637
72271
32385
30448
65703
63091
22014
29451
44614
24458
53047
46249
53553
4400
43539
36383
2437
34456
60316
25333
70795
14149
37138
35146
68476
35584
32833
20034
26375
45035
46448
51384
28677
69034
70261
13113
48413
52651
40015
64896
66767
57642
67034
17060
28103
72981
24937
70809
45086
59471
27901
45513
25076
55610
44417
6607
49530
72531
51166
17509
35385
72164
43126
48074
33793
27934
72807
32194
16934
61336
36260
51609
63780
59149
813
71777
23696
41393
28809
25972
62337
9458
21945
1914
52454
48859
51630
39302
69967
12724
63169
35774
37398
29149
69752
70129
5006
22375
69225
14223
8734
57593
26358
61087
38046
60669
62722
49838
7296
7915
44643
971
11616
18092
24384
47621
38129
28862
51665
55304
56803
70997
68058
67485
6321
20235
37872
22668
1331
57355
48937
7391
8557
68746
37243
16852
28710
22926
5112
42795
39653
8389
20089
1767
24605
19301
14842
15736
17598
23169
2235
60154
36550
42113
28161
35209
55092
34200
24762
15236
13139
30714
38402
27514
44879
18195
23970
31585
8369
27656
52933
69559
36792
35075
65468
19027
21123
4360
41195
39842
57595
8604
71203
45866
1387
11027
52719
14408
2367
14578
68903
6412
62619
64779
25934
5260
44593
72265
34811
52025
61235
25368
22355
53166
53705
23528
35013
1421
71751
24267
28792
17753
688
47265
68432
71713
32381
55577
25853
49406
11146
51406
3140
71188
36381
62741
22784
61180
26861
13776
34826
68249
21107
68192
43934
14987
54468
26431
21387
46296
33499
65730
56972
28982
4106
1273
47509
19838
39783
8973
43013
62439
14841
25487
65692
33124
11251
16302
35365
50265
20988
9354
8054
55759
1839
7789
35530
60007
68780
65383
46001
44722
7674
47176
39190
51675
4131
10700
33532
683
5361
34626
23575
71132
64987
63426
26836
46353
50579
14856
32084
11197
28928
67741
35978
44269
53084
30538
44385
985
34690
3673
58349
12256
5220
63929
45994
67375
57706
43824
61582
40198
46058
16515
48992
10991
60310
52197
15497
42338
10594
57631
34644
17059
21338
1512
18415
58839
28417
2639
70775
64039
59410
34633
19745
63480
40430
11611
10364
4140
56111
13847
13474
43078
9793
25740
60001
5706
71254
54897
55758
3932
62428
50549
62647
35325
47180
30583
29455
56166
68656
53168
48506
50659
18835
33656
35227
43167
11805
27653
32134
40465
38918
5649
60993
65008
21971
45454
23165
43787
37982
34106
70362
48563
63852
39818
867
12316
64318
22636
26793
45298
16810
31666
51737
66691
10450
40977
26325
20620
24907
28399
10868
41126
42437
22016
3209
34584
29105
14206
14433
69950
32267
4648
59975
4387
56226
18047
23555
12103
30457
55621
38753
57432
1465
71593
18294
32794
63090
59565
28912
409
40965
1181
49232
44021
59872
46599
29509
15538
28806
72946
51099
31814
1378
21704
11835
69053
41091
39432
17333
50433
43666
14035
64972
64223
61631
51395
59006
17063
38320
6483
3920
41079
7264
55724
13289
2821
16983
37236
48656
22460
14955
33012
1500
44506
60985
47658
23613
10410
67638
47317
24329
28440
49069
70120
26614
28951
3355
6903
31217
5305
31314
37704
31344
4127
39038
18402
71446
37695
31405
64551
27132
19899
37085
41339
46133
62204
4819
23982
33495
69287
2713
30213
50474
34892
62321
44173
64164
18424
65222
27300
68722
25305
34521
31625
22526
53819
45671
60866
54907
48783
488
42421
12237
20819
49204
65813
169
44792
9411
31724
37621
6772
72956
49723
26736
4718
39748
61782
27785
35857
19682
31700
66127
57636
41627
42046
15267
22209
70940
24481
56842
31574
40477
11188
28939
28232
11246
12619
63542
62418
49453
36676
69651
6187
57873
46721
9338
65674
1667
40890
57424
67428
30063
31450
35911
37412
72583
39645
62097
18019
39564
15432
14973
25273
21375
50658
64212
54255
19128
54552
53561
47844
32463
49485
62203
70759
54482
35451
17690
47337
17714
58457
59624
35233
43929
37157
6980
46602
1136
35176
71739
43179
49512
26751
30275
11638
1521
49793
39386
53899
51302
20292
56975
59655
12179
11477
70954
60393
64746
69513
37052
48696
26089
50593
45877
58861
49337
55383
25242
48171
61829
10950
43180
40101
20282
13075
69432
65621
33333
19954
27106
31856
17427
52727
59474
22478
8223
20610
29699
36542
68880
43259
49212
23652
41006
66694
8584
17713
53861
55742
41646
31041
24158
34051
25131
31616
20056
70615
70275
67983
24304
16862
49712
57984
57087
53895
51074
4439
25596
34569
66811
10400
49292
57800
27084
17996
45430
17867
1083
50974
60374
34674
52187
26775
45030
28055
32244
41528
52221
2014
21822
16712
31368
71130
52603
13896
13805
25260
40337
24662
37178
6934
24149
56546
37050
26890
54696
40662
71179
31895
26702
21325
3728
48028
769
8171
59990
7260
52688
36374
23100
8711
17407
2044
26648
23137
11691
38253
49727
37889
43712
42147
69968
10054
29771
26224
72122
11336
39097
9737
42783
69177
198
52767
54558
57422
27524
61707
21066
18887
58138
68392
21058
33548
12355
36039
45255
17748
38153
51958
43518
66138
46468
17636
59210
59441
56143
19161
19228
22109
2591
42348
60730
2753
14992
65329
8660
28147
10118
4693
26922
57872
62944
35196
58279
6113
50652
50656
42245
18186
24845
33985
58384
6373
56141
9758
14172
65802
41073
4456
7360
41977
12013
4399
23099
42236
27813
1057
44809
15168
17825
38669
58875
46877
12867
57051
40473
55847
30167
39640
14577
39643
39854
1187
33966
1247
18436
62528
27274
26695
15726
28190
13835
9603
3943
36120
10740
16548
58302
40881
49415
16782
64780
17303
61855
70854
47491
53323
15739
484
37109
41380
64843
17041
57589
72952
64693
20009
61831
25843
56863
35837
20596
34944
23556
26199
29490
62005
57261
4246
18381
36575
1917
26904
32570
68355
67021
35887
4392
71193
10425
63497
32087
64034
53358
48865
66252
14407
71634
33291
37132
38421
2271
55180
29084
22860
55769
55872
25863
46147
51026
67082
50860
5156
402
31397
31790
18900
30949
61731
29007
60557
46815
70212
837
14958
45300
68016
25065
49934
62607
36583
64330
59754
64679
21460
44752
27654
53752
4379
46145
68383
35015
34023
36487
47542
31982
54264
62348
49313
3425
24622
1462
28588
38140
67862
46647
12529
5051
28472
17110
19703
68923
32992
33014
3096
93
43075
37592
39696
54062
51222
28477
30174
46724
52869
14986
14310
23244
7877
12264
3717
40701
11838
59399
69101
67735
23057
63460
66609
26678
26082
65139
31905
32509
22135
63172
27761
68874
13
15879
20805
7354
35552
50577
1323
444
62370
29369
64677
65372
46100
3219
29588
44632
58707
56271
3925
21048
27371
22293
67803
32227
40189
52756
70414
23183
32414
10470
17101
52992
2914
42759
4910
24809
18120
65709
17682
10117
39390
19104
4081
15064
24348
35779
62949
31182
43162
31714
46777
34094
37062
40240
15292
21573
20184
26021
46552
29024
31127
9193
69178
27976
13269
27421
41142
2876
45413
41769
53013
25032
56051
14629
11499
28363
40068
71330
68263
34473
45548
31332
8667
10327
57908
22767
4153
57735
52764
61405
61059
35567
30165
6379
31570
42380
46967
69481
52715
60365
35283
6824
62393
68806
34583
17040
24041
52139
40959
61770
57833
7228
39101
40878
53627
25501
12195
44737
13615
8363
60431
23984
48103
47975
50553
46812
72417
5460
42829
46696
56998
45006
270
69028
1510
70563
56491
10262
67070
47475
49387
17709
71570
38543
41400
29378
452
10449
44319
24441
61684
60843
60512
23448
22682
34879
23775
41319
19113
15253
30990
3203
66508
12633
20179
68557
39999
26131
12947
37594
45712
57198
23033
43196
42467
22283
66226
19764
71468
13522
43905
20323
39754
70230
71048
66485
21715
41082
59768
56664
66914
53560
51215
66314
25777
45559
7940
61498
55106
7812
38677
23739
65091
70347
62907
38343
66838
37496
38527
1726
32308
57256
67762
72483
37692
17476
50152
17386
8470
53508
62871
58152
45965
31749
67098
30134
19572
51498
55172
42169
19759
1146
36762
52247
1965
57028
4021
68213
7040
35810
37314
67631
5552
27873
56003
68590
19996
66525
66315
22912
39421
57863
58670
13716
61344
32042
57997
36318
811
12624
67609
44299
46107
4691
29936
189
62289
55088
3915
69676
29340
3029
41726
18677
45458
7068
60180
64878
67508
41861
63024
5660
23773
63308
41760
16933
47130
40061
42036
38768
64712
26214
13997
21165
45185
32804
48443
30877
60500
47495
52253
66877
27538
14781
52484
18011
64613
15395
3269
17999
32778
16572
47101
26626
64456
19854
19833
49257
4343
66928
49275
38715
22875
155
52474
22159
12367
67893
72371
23120
39392
57027
4734
23537
67755
32483
3869
39699
36480
42583
41408
59200
50229
52091
52001
12640
70046
43773
45187
61049
53569
35466
5726
41852
53968
3710
58073
27378
56573
13299
49531
45644
52581
37499
18318
9192
8486
42193
4501
64735
24454
59270
44010
41557
2186
24318
47168
69418
69302
30584
60126
5177
53037
5986
63255
27184
21643
27875
58629
67557
38728
62272
3592
42942
4427
32937
45850
20649
63851
55807
50644
39741
67035
26200
49797
46443
6930
26417
8596
60164
14083
15665
2549
4899
40158
18854
18573
24562
33974
7188
38759
55766
15541
2892
48532
12503
18433
8375
28832
48228
3888
41032
48495
61766
61796
32202
59659
10813
64049
55299
28770
7530
8593
48791
25015
39528
67860
2598
5877
33242
68492
22790
50673
55843
56164
40027
38222
34014
7245
59586
29736
32168
67691
25536
63574
53193
29283
59672
53962
27841
60123
2509
68957
55550
33258
6881
20685
7946
45820
66737
32100
60188
23358
24893
429
60514
34931
10383
12706
18427
37769
71895
11551
13917
4850
2361
11305
20383
68744
36725
47465
26470
18185
62835
5040
66331
4260
57168
54649
41455
55093
7838
33364
69758
42749
41838
57519
11949
24929
62104
22348
40001
43016
57733
56726
7263
37536
63964
41960
72134
21856
70035
38156
68212
50981
15396
28252
37555
18930
50289
61719
24345
61928
49669
4410
48882
27316
239
5765
33138
23980
11946
69167
25053
18121
37838
32919
53712
35594
43203
71270
22892
69603
24038
72096
3695
11787
60839
65034
47778
47833
38942
25389
5324
11664
20935
56892
70583
5703
33483
59904
21385
36111
23530
29361
7163
8094
25527
19999
35275
18979
55896
38724
8721
65060
38609
5027
3546
47908
4265
36896
19397
7456
11348
26479
45109
30751
5368
54057
68652
27462
46116
49654
16584
53239
54661
2655
29878
66960
45266
23204
46634
57366
6332
54852
6761
39539
6764
64089
30480
43085
25774
10715
34156
53235
51435
58494
13261
70394
2493
17623
50113
7478
37675
46231
36626
46525
35004
29473
2797
57666
27993
35049
67078
5007
10631
31111
1204
44776
25889
35025
52415
38020
15472
39252
26387
32931
1393
30661
53386
71175
1233
7447
33748
12840
69635
33501
31675
34082
29852
11851
72894
60115
42945
38466
13381
57806
11661
825
33093
45557
44365
42899
52339
70864
65782
38831
66685
51221
52806
18208
46137
8159
50537
64919
2202
38047
17602
52918
43588
41853
42904
55282
69872
21534
2113
6555
36020
28601
24657
19091
14252
9202
72620
147
16411
7024
64670
7499
46993
35314
58188
5101
36375
36990
43482
59917
47769
22236
11847
57689
23975
24020
1584
14378
22012
43524
3012
63459
27494
70495
6094
19546
57571
69590
63523
69199
58102
26536
15568
33068
27621
60942
34620
22591
5053
8917
63723
47369
6338
69888
2893
61572
20886
52086
14886
33449
10824
62508
32148
1346
487
23931
49020
65936
16363
46818
10988
35152
28208
20049
47570
70960
5442
71039
45324
30117
20626
1727
53671
63319
14410
41040
11817
1786
13686
42849
59136
15464
23039
7638
41440
3015
59662
7062
52710
50599
6512
13555
51542
60258
12566
50452
56835
68446
10430
69704
4162
59640
43801
19565
7556
14417
6865
67142
55095
71199
3983
51140
47561
5850
58930
34045
60017
67412
42558
14938
46281
48794
65967
28184
51433
10113
56281
21914
682
3563
49226
2066
35677
46502
179
11846
53796
59729
27320
10134
30369
51830
65433
67661
5524
29719
45609
59614
21054
62584
57976
12209
66794
36205
47042
43064
17604
2735
33003
71701
69069
55839
3501
32071
57750
5958
56441
55002
54346
470
40483
12410
55916
54978
70491
2288
12302
41191
43042
6696
27736
21658
10476
49348
6945
39420
53739
8278
17600
55738
52349
41454
17970
67383
44376
61263
62281
62679
30331
19007
12948
6077
48369
43668
16752
1060
50842
63289
20493
52364
36765
52691
70453
61535
13807
65984
16148
33575
62687
45481
29454
35304
28178
46569
13296
41789
60547
53726
69713
16998
27288
36893
49975
21622
38921
2204
4876
57695
45056
26393
6466
42024
50178
65766
9799
27099
41870
1345
70420
10209
24447
59445
37176
33470
37072
8029
34289
13975
60887
33491
41832
22310
14257
3371
3416
55979
767
38551
67875
45261
66516
63655
39040
44257
48143
22763
71063
11106
23599
8335
37789
18569
46225
1597
26587
56274
31375
59479
22168
15309
33827
12729
18745
41358
16457
38370
64640
31320
60041
27040
41202
34144
52662
14940
65330
18338
30735
72032
37324
64131
6107
60529
11778
63125
56600
20609
21520
35504
52447
25047
37759
52455
31220
32122
43898
25254
27671
46899
12559
72895
11241
55835
69318
70888
56102
33412
11537
68044
23784
40527
21542
45344
41804
36417
42384
70029
7392
70654
19125
36160
26116
66438
49856
57262
67796
23024
10825
6427
3613
57507
54613
39835
66560
9679
2228
28359
206
55566
2569
58873
53590
49841
41015
62481
37606
40542
34875
38073
18797
10459
54194
68301
38458
6044
53394
62879
62278
33442
67533
62316
31008
2802
36807
22120
49911
40344
65096
61737
20808
5218
19804
25002
51153
29857
46442
63138
33466
61090
48012
37897
953
61618
65676
23401
31807
6430
62875
55226
7608
4356
60765
43384
52604
11423
10780
59085
10269
14858
64636
44535
43848
44267
55725
31326
41793
25013
54658
1701
54810
43030
16536
31406
63951
46992
222
8048
49582
31015
35815
68765
66298
9267
30233
34962
50953
19439
25999
59462
42926
32895
47051
16685
40273
9169
28449
828
34985
66480
34030
55939
23687
71513
39016
6984
51996
38234
24630
35224
28690
392
9562
71976
56945
65532
2888
21196
54064
10913
63243
9255
42383
49724
6709
7399
12474
69391
71242
45227
71276
32754
59987
60451
22483
21283
42153
68568
33201
10639
18867
51732
4719
62909
30085
66357
56912
48398
36918
48858
28118
11668
1368
27492
66518
35273
2962
7290
70890
43058
49925
57444
34695
32338
70437
67531
18249
25615
19026
678
58684
16980
65570
51007
7108
1684
15529
9077
36991
50604
59823
42465
25717
51453
8575
43349
70484
59353
4470
70653
47639
55000
61864
34668
824
24164
23440
48608
19237
54905
52968
52144
45240
47902
1078
8008
12959
14965
71835
25787
731
47121
34135
36814
66087
33720
21690
1159
28322
20098
32435
8235
30089
51451
12276
71822
40599
26988
266
49508
62423
12742
9015
4067
50632
18085
53870
70137
25763
25595
13012
29349
35064
36900
11103
6011
27429
19736
50415
35909
43147
12536
12184
11125
7699
40628
19974
61414
15238
33025
62630
43744
28529
37577
60646
48701
13377
65966
8125
20825
71425
31023
27234
15761
24032
67743
46656
58448
64053
61569
11637
52883
69170
55990
7390
33622
49603
53138
2007
52737
26295
34838
71742
38965
68777
71734
56625
35578
5918
59188
26613
20908
12104
53500
7079
27911
14036
72049
15718
25323
29043
52476
3861
22424
23240
58405
27166
25223
16448
10768
65725
63136
61082
11117
68565
41714
16649
53112
55384
43335
24402
54232
65024
4163
70124
144
28104
32374
48853
31569
11633
42816
55819
54575
12143
25241
28069
66372
33744
40611
65402
2548
69657
27481
9891
26745
40081
39939
69234
35805
28450
24155
69162
33194
39753
2415
49153
22011
43461
14438
26011
38995
8227
1639
46180
47174
43258
56487
49063
15974
19058
36070
30238
30582
2640
22093
45384
59711
70538
34837
39826
49104
67333
34745
64177
59550
64647
45577
38834
53167
37888
418
22780
38496
22233
33139
72425
25144
61283
27075
50459
31245
58362
68517
2077
57663
70177
2701
52993
40790
57354
4060
50473
62846
47941
2752
66711
24711
21333
27842
67566
16999
322
72750
63946
39535
45128
51937
3649
51028
30150
51533
50809
38636
13102
63772
33087
70794
59597
14635
34193
67099
6002
65798
39105
12322
52391
4561
51251
33927
12612
25172
37056
21008
53042
6067
52186
59455
16288
40292
23913
18124
64383
28365
44378
194
32060
57097
28829
31709
65341
40864
61169
9291
31384
40927
35958
47017
65842
29614
63192
42309
7586
24427
14270
45988
41197
39768
43369
23077
71571
58392
50177
31629
17373
64248
54212
22352
1493
6900
68490
55592
30617
63842
15711
55661
11455
31082
58893
2341
41490
48350
53799
45522
35322
57125
59395
66707
70823
12998
54049
46226
17505
70598
21615
17344
9604
54868
59644
36734
221
48257
2422
47974
19761
14429
62372
24308
47218
22401
15779
62644
52637
26866
69660
16779
52549
9092
27809
13908
39767
22692
65791
72934
24422
24289
72293
72201
2613
17265
7665
7239
10192
5813
34452
51243
35947
47560
44136
43986
51810
52950
69090
63075
11432
23688
46869
61464
66135
52721
68408
22914
17517
32076
59634
23728
40399
12921
43046
26574
7005
31593
66075
43945
61847
69121
25544
27618
31560
56502
65997
36054
36430
65169
43896
31241
35469
70074
6745
65235
19980
31202
2401
21635
20287
12349
47470
53488
66053
34802
65391
25070
14457
11656
11369
49352
5727
57462
66345
72534
56368
29500
52792
58686
12818
31377
6326
67819
49081
7599
64217
1948
29901
56752
47349
48051
18156
44634
64888
33445
54788
39286
8776
11618
71285
50291
44085
46969
43622
58452
58155
51854
21567
18056
65871
43812
65467
26002
46628
2019
23351
13714
3172
71029
65282
34304
68033
1897
67730
23865
22213
6752
15276
10546
35229
846
9792
47154
5987
28060
66715
45842
18367
53652
27773
32142
41462
24476
53751
29225
54982
53810
47918
7634
57457
35410
53510
38306
1519
47791
36927
30336
32370
24875
55001
66644
28053
66778
30187
50616
33920
33930
47287
11094
61196
60917
56641
70514
42596
34003
9277
72655
40234
45065
57485
33017
6908
64603
17108
11231
30026
15751
19411
71068
4064
28943
39045
1738
8801
49468
54111
56407
68479
8131
42445
27278
18649
19378
42184
8790
24943
10562
44520
55016
8362
13440
69828
3177
63241
1416
1035
43923
8938
52879
25634
19797
61657
20185
49146
13948
23443
28084
60774
45660
19896
24685
19635
23414
68715
24872
22834
35753
42923
39479
6712
25157
6013
16310
49664
36022
45719
44351
59281
25855
57534
63093
41984
10542
11512
40486
45568
33935
52509
6196
60744
5904
14766
50707
70440
6803
72395
27448
41394
52731
16763
25386
47961
10746
41446
14347
42547
11330
2803
13065
33701
48233
61024
68194
35453
5969
17791
54138
24607
16095
64282
40301
4167
34487
71017
2169
27814
67876
45573
36342
10560
13347
61469
5345
43155
66733
49667
16827
3060
33174
25295
67455
35335
20116
72487
16598
49705
20382
53145
6184
20291
59082
34318
55048
64440
35362
19832
40914
46847
1047
53599
51949
58287
64592
48480
24529
52755
48925
16940
47092
19064
51580
60507
17529
51338
32115
39715
58535
9095
15667
72547
33110
3676
38804
42194
28122
47400
67950
51913
48606
49535
60749
7265
39591
61518
42787
47715
58361
65803
52921
55825
68638
34254
52138
35919
32846
39789
68802
40844
34348
49913
27817
11411
18740
63277
18020
18239
72117
56606
5066
44404
21932
72082
51590
1743
64114
43724
55595
32522
8837
32464
9982
9449
39025
69949
61361
57353
34450
29695
20631
2711
8126
32046
15871
19079
56788
20097
18492
39315
44301
43105
10590
57602
39970
4953
12346
60379
52275
27477
70434
23811
21609
2182
53876
63373
23921
23248
60945
56074
25651
1877
34083
71168
214
18938
17242
16470
72335
33188
60212
30107
71034
14641
69154
21723
28885
33969
28836
52750
14688
3301
2272
3959
50694
23956
66291
15522
26104
7774
42872
16180
6269
21584
47964
56877
16224
45500
19010
47196
33205
50327
50918
60387
46113
7379
65339
61880
59710
45307
64694
5121
66083
20263
40421
58111
63252
63491
64352
66376
45078
23029
37825
1709
37015
55922
68161
12466
44443
19763
4444
19069
61949
64169
62763
62688
66957
44991
2757
16020
70833
56053
56424
2135
61923
4017
20132
38349
29738
29512
56836
14128
48851
64225
43352
5465
70218
33426
6124
42819
49933
27954
68818
14883
63096
20773
1443
44718
40789
61273
57909
57200
34172
64643
28895
44485
37179
55993
59848
70408
54998
25141
8116
47483
39423
14470
69610
1410
48222
29881
25969
47338
50046
68166
59044
32701
4313
28608
38173
47460
10791
60459
58499
7138
22528
42907
2347
59473
71015
5030
36549
47815
8383
34388
21471
14464
57497
56522
21447
64669
55638
24499
10915
54760
62946
23520
45472
23185
42231
31528
35579
47666
32609
2553
11235
32298
14031
32926
5664
70488
63472
28112
26334
14253
330
58508
21069
60339
38507
41537
67923
12873
48811
3431
24856
39177
25506
10063
45290
45478
71598
69732
51697
68391
14389
55831
23392
65788
6507
37529
52377
10630
63105
40394
44704
4426
58407
55068
59884
31459
71618
1162
70558
12700
15004
61305
26864
40957
71873
57998
56124
49717
5770
24083
58520
51961
52354
19639
26701
53406
25089
49394
8910
7831
9886
27931
54101
6279
13057
29599
27144
45250
27885
42151
192
58480
41436
38491
20423
41826
63912
36136
45977
50515
32604
41365
70952
32792
35020
64029
26696
18404
61746
47785
53686
60692
28051
40463
47559
70856
33029
50005
66787
13451
67353
9570
63292
49972
23710
1128
10445
70706
66388
20635
36327
46395
53618
7426
56435
44594
19335
48566
48150
50539
30253
22963
53587
21017
25512
69288
11133
718
39692
6275
24835
16434
54816
65102
998
45768
72654
200
40673
9113
39894
29597
10349
11992
16927
71620
6362
62153
33046
42832
13091
8858
34824
14342
43667
69970
15649
63687
30797
44544
26277
176
17215
24890
20812
50786
59882
13532
40682
31881
26473
2791
19760
56910
50614
43891
67958
1058
16701
29492
50154
52287
7815
68628
46032
4200
64769
28611
62442
5558
70876
6970
53486
29596
17304
25413
72625
61197
29720
35018
6791
2749
61201
72581
63595
54374
24532
67155
27474
38170
38891
45963
71253
35287
26125
71317
57852
41188
47558
9408
65165
16836
18790
72199
49131
58173
27418
3605
54995
47540
40750
63098
29833
28582
42006
14089
13962
49570
40593
7159
58506
71062
64786
62890
38219
59209
45456
70676
21652
17053
52274
19451
56075
61789
21299
9384
72435
35465
24653
58171
70572
44242
64977
34799
66242
58921
10375
24635
55370
25322
72351
59576
7193
62601
40146
11779
7041
67779
42068
25167
34722
24232
38560
21497
23783
45588
21937
6156
64856
71560
30587
55600
29703
37039
39157
54850
36064
44857
6299
42266
4187
30517
23006
19453
52248
34326
10576
66102
29267
46699
72751
32555
71542
62998
30840
3733
23319
8135
70937
65194
66717
18102
37774
20992
750
19623
41708
36797
47943
28761
7981
72184
30883
55257
31387
27612
10214
62657
65918
64324
64284
17047
523
66361
236
4037
49927
64065
31012
11699
13286
30738
60257
10508
50887
48634
51332
5266
41471
57853
55624
56244
72300
67521
59018
48162
9224
6626
37064
38338
71905
70466
51002
60991
52881
9105
38738
46952
23162
69246
49019
34137
2843
55386
56460
49072
6445
35970
19636
52778
68729
19516
1390
68040
32746
67148
44542
35380
30546
25384
58817
31621
61354
24129
38554
42216
46883
32583
19320
46301
28414
30618
12732
32188
60079
66899
23667
68099
269
41563
5185
14106
11543
3892
38051
44569
30486
40550
69304
15126
13849
43562
34274
12197
72412
52568
46748
53492
17223
46898
72992
37570
33642
55084
41578
63970
32654
8424
25429
1192
6522
60116
49259
37706
71424
63089
27933
67525
8610
58773
13661
6166
4543
61048
61819
43768
22748
55208
32750
67952
41363
72002
12690
40395
61413
7177
34973
48164
50102
30251
34716
60789
8888
8340
70461
20178
12229
40387
10494
27529
24934
53177
55867
25443
57081
6559
58816
34464
68477
22391
60804
26379
68633
45171
69036
34239
63391
16539
4764
5892
31972
41444
31829
67821
15176
12497
22806
47671
2023
50448
40694
51769
37046
33083
72233
13925
459
20453
49059
8196
6093
3893
35656
2340
19358
30571
50139
1820
47212
30925
49431
46445
30479
55176
49436
62331
14765
22603
37807
4945
62195
28510
63508
27685
63513
64244
55377
37808
34781
9668
23666
41688
15423
72876
47160
68928
72109
43647
67611
59351
52126
30596
1306
59906
15710
69512
35803
15180
6929
43345
52179
39208
11688
42013
49242
72515
42014
20141
2039
839
8314
35832
60031
28173
18699
39745
57900
64315
68884
19040
19728
24948
26457
69800
5048
71151
32651
63936
68833
41687
67314
36685
24227
56063
9355
61820
8970
15454
29764
23796
17799
34961
59104
35636
41145
29469
28280
59250
57560
4250
11965
45071
34640
34793
2792
72057
15009
45350
56451
18562
61458
45857
17742
29380
72074
7591
53617
10659
23671
40568
61980
21924
38882
60780
22087
63815
48146
44749
48344
61589
41935
20386
45318
36215
36418
37905
34317
32049
11858
65303
59248
4224
46971
34754
63708
16692
33747
156
48524
14815
26078
9163
53740
18698
68537
18099
52593
12270
64523
29034
15390
7709
21025
61734
65387
23123
27038
54578
38898
28138
15555
24216
18039
26481
28933
20679
54211
12648
55986
42549
36289
57460
68008
70327
19330
46362
29282
60520
20532
62042
47792
50747
59810
59108
28300
13869
15835
3189
13198
49346
66374
69092
62047
45824
39291
46784
15830
37794
12741
3811
23010
29036
72653
10702
14758
39852
56082
71586
119
51971
63318
21537
61687
51941
39345
72001
26946
3740
51575
39418
18712
71181
67073
5791
14076
38382
37457
59958
13141
38031
43722
14475
59582
71013
327
3973
27539
43053
42249
71090
33738
36047
15685
2538
9007
17947
44395
29812
70984
38709
32437
63430
6515
22959
54166
14299
7617
21064
13980
55138
40876
31232
58710
9578
21623
19989
2824
17165
62143
67146
66697
32388
36548
67808
37079
13423
9786
54682
46131
5278
4782
21486
34387
60476
8707
3372
65025
17076
54368
38469
49143
24514
46368
72933
8983
38107
29035
32306
16149
22002
7533
14887
50385
1449
22778
40953
13708
71148
69928
69648
39822
23707
8796
969
38924
30881
49902
30321
21345
47976
61885
12568
71283
53911
43469
45351
71156
8280
18430
24007
22234
32839
3755
2223
69134
69870
38126
6380
10227
13184
23860
46667
39408
41377
62025
61290
52738
47266
33040
66423
66579
21453
6805
37045
24433
13721
71798
47800
13224
64804
4711
14267
1339
12258
44230
19970
64655
54694
13841
69362
45886
17658
31938
20308
54018
27961
54898
55396
10421
48819
67898
35434
57668
11098
15093
69158
30811
64800
44688
14637
42121
37083
27261
16073
71103
12213
20477
8391
22500
12787
51594
19990
23184
17787
42205
62175
72219
64583
29578
57776
25835
28410
2958
44812
6982
64307
3277
25093
39825
19287
50827
21661
13147
66880
39256
57622
45352
49258
61148
48281
28635
60850
46744
7728
33944
57653
10697
37139
2376
62916
29710
15567
37868
33918
24687
17009
60816
71669
11070
35852
4988
9283
443
24709
10234
54219
14877
67705
4996
6877
28343
41969
46758
50584
36265
16185
29971
8144
53396
56521
38155
12151
54068
51571
26659
32335
48740
32725
26584
63642
46104
21566
876
42538
51994
39681
54208
976
44355
5202
7189
40838
69606
41887
44537
19428
8304
9030
37847
62446
9440
65602
33066
42580
22268
27622
23988
16851
4299
22555
24220
17410
46798
30829
25681
17080
72125
54846
11123
40474
19137
37199
65161
13042
63814
33203
31580
57563
69911
19897
21651
64956
4396
23644
4750
11687
31389
41248
2992
62609
63019
37645
59314
18771
41348
47412
20217
14818
39363
51967
65255
10255
49896
26770
40766
9609
55795
40746
40013
32878
59396
2307
52507
32744
27971
10687
47695
3034
21341
26113
56389
56806
35727
40530
30392
32098
61337
51340
50487
14390
60416
5149
51256
39627
40364
10672
59255
47088
31415
42507
22381
12989
18312
19214
45372
13739
61239
65375
50200
16351
58798
51416
15573
46098
67244
18193
67208
5074
38890
27820
19626
67576
23428
67671
46613
22430
31212
66329
71679
24726
39621
34283
46511
72222
37786
17694
21210
29916
16133
70062
28816
23996
41999
56259
39021
21969
56011
61584
8625
41896
11478
6579
52285
21807
32210
13417
59292
49577
69698
1352
3013
13766
5193
71315
19978
4905
31184
34397
68508
61931
29718
4578
68359
70949
18152
63329
8026
52668
37941
57578
16588
50330
47239
13182
52069
46654
31968
50182
20746
3477
66810
50737
11264
68305
1362
12042
36305
40729
61383
70625
62923
32139
37262
2709
26684
47444
36851
57567
72873
1604
50257
51834
5402
14674
72937
64141
35239
398
21052
60377
19260
39972
22373
32692
22285
51401
20843
30507
13725
8150
2185
16087
31063
6413
55054
72710
8481
12670
28210
11341
3700
9683
13545
36432
28581
58391
44858
9111
653
33277
13232
20794
37340
52459
64322
68253
42429
71006
15743
1197
45781
50759
41165
39414
69012
40247
42757
42336
43870
26788
70535
58692
71929
58740
51841
28713
61258
54510
69270
18094
8824
15052
33319
35682
46310
18978
68621
33000
30014
54438
62548
41243
3276
45111
37636
6710
2413
6330
33023
49943
27863
49616
25092
70705
43637
38936
51307
44353
50674
56225
20040
48574
28701
55137
55113
50349
30833
25730
60709
59450
55685
21005
65285
35590
48021
17074
31298
18179
38621
56915
1943
26807
44512
38911
14517
12217
43575
71205
35197
58584
52831
56565
67388
23415
1082
50541
32346
34052
70729
63113
33663
44027
41956
58746
44677
37501
38405
47095
5631
14804
65814
21245
6736
36929
22374
3184
67076
59408
54936
35789
39405
15108
6653
26762
48602
24999
33786
1274
18098
16443
35521
54149
552
65098
39702
44965
58019
15984
72985
68254
54489
58911
58634
20096
35607
16250
35246
23660
67108
57192
45579
13348
71250
62212
10737
33885
52701
57635
9112
46515
16367
14905
64040
67026
26940
29558
36134
70631
60454
21705
38176
56950
39162
30770
17320
7875
36356
12695
27584
59961
1851
14920
60331
31940
61202
30697
20827
24566
53083
4530
33866
27323
72398
46943
70441
7435
1556
11397
21193
34991
71969
67343
31497
38700
62551
37842
57605
45140
15653
64464
35468
45508
42392
51749
38655
17116
61882
69908
50259
30375
30944
18034
24125
58615
22057
24689
60389
11134
16318
14620
28908
62825
46217
71850
72930
11120
9971
15925
5215
44967
49576
34299
19234
61103
45166
48004
23018
51869
53029
72762
4723
18656
37515
69572
52097
68199
15797
58127
12379
15225
50610
5165
56951
46990
6657
9142
62497
29357
20902
26667
54675
6071
23230
41364
71575
43412
43083
3986
9097
2429
44325
41875
65472
9754
27149
19878
34970
10933
50207
110
11718
31022
65653
20467
68142
26185
43908
39391
30257
9481
31538
64850
22697
10277
32282
54871
70258
46323
68714
5646
16727
22062
7416
35343
27354
54415
15738
48697
57740
50852
45801
52580
10917
43127
5773
12227
8718
1372
5756
42525
68402
11018
2920
48083
72530
1487
35241
34801
41296
71348
58403
22660
18131
27003
21394
47434
11205
12498
58475
15474
57183
28442
68515
72753
65312
7521
14398
18365
6157
44515
36706
18738
1396
45936
54026
42615
15040
55029
36584
54536
42557
60821
12991
16307
68234
63730
46498
10314
40144
32344
62745
55285
43118
28525
37490
34443
21303
33903
18918
8582
58034
33232
49810
7926
56813
6372
19248
65536
33628
49600
14738
2459
55073
31017
2839
39925
42565
52777
52169
27540
22573
23470
13919
68306
44887
23872
17220
67268
67831
50002
29813
45073
11788
61768
44087
36353
19478
9073
27206
12178
40668
63165
61843
61256
42674
50865
11726
5350
53626
64819
62451
31221
65598
63120
66806
33998
23815
64708
19834
32102
13208
8426
38244
6505
12774
30032
8640
15688
57811
29279
22083
72056
3935
62863
60326
56965
49714
38437
43253
7303
54765
68303
39164
5120
22214
64386
49958
66119
64755
51554
18413
43580
68625
15510
44590
21186
68013
13014
57289
11511
39994
54085
46621
10995
47681
64227
6026
13758
34109
12782
39461
33637
5953
63504
68007
33224
28747
57701
41428
1450
54787
38212
56448
20684
32278
20094
9228
37709
59289
68844
69195
38019
23229
52344
67300
16135
11530
9964
57509
58713
54305
21605
65292
43437
58002
15189
51442
5313
61989
28575
66310
15017
35502
304
39109
71549
60981
54528
28338
62233
44555
49821
4671
8732
54818
38866
58689
72624
9199
37445
16176
23646
14782
63401
38262
30740
60598
61947
57572
54963
7547
72290
33564
224
28238
59392
29196
12469
16708
66765
12305
3182
60797
36284
8447
52371
58539
62565
62996
4753
39635
54159
5360
10456
49700
32715
44664
69027
62277
31201
5391
46516
23538
21670
16846
13309
68699
57557
34704
60453
47956
56366
62293
26359
13801
11879
54131
63887
52220
9507
44695
63283
37775
52696
66185
884
42345
2321
33024
72983
5436
12713
12783
39810
33994
68622
37564
25960
22405
47273
55334
60498
31060
47297
48747
21202
2882
31346
33945
11628
23211
31000
6037
59734
57814
20712
9996
27460
28193
6768
38675
61417
16758
40795
65896
40634
43310
48177
70607
24157
61482
4735
71297
52515
34847
55840
43626
21405
27301
49374
67740
20301
62057
33208
18315
18829
21745
3819
34610
16743
62749
35092
47761
37511
54993
30653
17513
62694
45880
59170
67553
69551
27111
63806
57759
65628
39201
43444
31222
23114
64331
37335
17952
9177
69560
16200
49998
24122
9144
71758
52586
25080
62690
38143
62981
31927
67573
68122
46791
60224
6873
18040
10013
66588
66831
24541
57388
41476
11118
15341
32077
6375
59493
42200
24277
18605
45193
1249
31735
59944
17877
23978
52055
31350
7960
19539
47203
36157
54568
25819
70738
65076
27360
41152
4083
246
22207
5001
34511
32995
68315
60312
65409
48640
33355
65772
33293
39126
26871
63055
24950
4168
17745
9699
31772
40345
25749
72340
36879
65517
38021
61509
18858
37632
35045
20422
18496
23454
1466
21120
68959
40681
43095
17279
36009
6611
4362
61716
62997
66572
67568
3678
18989
30505
65652
3634
24268
43385
17372
42594
45620
33416
11062
3558
23588
23222
68379
3608
2516
10771
39932
58883
5545
60544
5117
4215
51933
29892
58916
50992
21255
65694
14751
68029
54020
37385
48918
47232
46053
26154
48303
33498
34493
14949
15884
17107
19350
10437
44316
3011
9588
19926
70268
37040
25942
28429
23320
22815
36715
32738
59545
6022
1275
59793
16110
5033
9310
38368
65421
70813
39450
63014
14553
24495
15662
15536
69881
8489
56990
27291
37920
24245
13986
26100
4119
21683
59619
43807
71409
33555
65576
60016
7142
989
62089
6170
14867
34867
69943
55156
9989
38218
71708
20260
52714
71187
15479
52319
10106
34140
8627
60858
27642
12486
6253
8929
12655
47674
68285
61422
26735
59056
33297
3585
16177
41611
68538
5230
37371
34282
18453
31818
12490
62693
22883
69507
34981
18082
31262
52196
605
17471
57184
5463
29806
52073
10243
18256
18197
44464
27512
46683
53554
14565
5661
72911
67599
6938
53252
19947
33377
54051
42985
21155
52263
18334
49988
50802
29505
36574
26545
53014
58778
68900
59783
4429
70058
45970
61565
57956
71764
56578
16553
31460
27883
3330
35877
27303
56158
10784
7813
31044
14825
11571
13315
43532
31252
27466
2293
60211
24127
1309
35532
41716
13047
50095
55468
717
66608
46614
64208
5095
18785
65519
56933
22393
3644
25084
28003
8621
56032
5146
47044
11767
45467
32336
15083
17559
37832
16567
4255
608
3432
19435
10939
53163
62247
59268
60856
18952
20203
42195
45698
40807
45793
8444
70595
70825
2884
16009
72472
41613
60302
5572
67048
8798
88
7002
45141
6793
59854
64874
33284
54872
67167
10929
39666
17841
40225
59060
33976
36339
12651
11486
62002
55447
27553
68042
43823
60322
48706
48289
47372
2042
14538
40422
22450
52133
28874
64751
27188
36161
31689
26575
39562
54926
39766
53402
6160
22712
31465
29004
39378
33255
69902
72919
32580
37942
22271
9150
46596
37998
23641
66289
21649
9860
28669
3685
64572
58182
36185
30564
55689
26331
66748
66429
69890
66189
4677
59480
70173
1013
52243
62933
15495
56944
6134
32063
37448
7297
7316
38235
16029
15384
16196
5516
64173
46261
61223
50050
33408
57165
13612
39670
12795
16420
71559
40023
61478
16893
22966
39428
12725
6913
12242
51581
24156
59849
25406
3747
46130
1400
60838
14705
15664
9456
48539
8105
3680
52022
5615
52642
17504
51067
5868
21021
21751
65238
19190
27294
45682
51812
55125
3503
31976
11270
22645
63026
22711
5800
49287
10010
23930
62354
9162
71432
27224
34244
41739
7395
21031
53854
11984
34827
59344
35750
35405
40842
52136
49178
53340
38718
66689
55921
13682
7481
22788
28929
50828
54935
60170
30070
20541
32823
1741
7323
20194
21802
72098
49424
25086
60419
1853
14004
30519
15955
55971
34919
2264
45284
56251
54077
59329
39290
1785
71224
49429
2114
48631
40659
23326
45054
30844
28983
1469
27611
11393
53780
33894
60543
2537
30904
16084
45460
22199
54183
32953
17716
22136
37573
44265
45127
71920
71614
21701
14451
68256
11696
15692
31417
26137
12163
36628
69666
49397
53905
2244
34195
17619
70281
61948
29979
15794
18266
62268
55385
10793
15240
65732
32541
47167
60279
67090
23564
37788
66699
36095
19224
68224
47128
24050
51010
62260
64948
4287
13570
22508
68648
54976
12444
7153
71510
5090
23308
3660
18587
7539
37680
22828
17912
51312
3658
2963
63866
46601
63826
70119
23813
58311
69219
6679
69355
70364
28961
8737
56869
71686
59269
65084
71852
30605
52884
52663
17497
23117
8758
57953
6329
53124
57705
52707
71831
23843
68187
44132
35323
14859
55641
63464
41333
30069
45947
53609
25653
8255
41373
3413
58823
53329
4221
52232
29017
38103
42140
11655
58902
17104
5594
61217
42725
55209
30780
69567
33508
36162
15307
11068
70136
43769
41819
19229
15721
37387
49413
66046
53336
15912
72159
563
63707
51828
24390
36844
6501
26620
13808
10027
12010
50071
25279
55355
27995
70658
49924
61840
20026
48533
61804
1174
35923
38730
26693
54436
27071
3715
57577
21322
826
3611
42294
59808
37754
61543
63651
30522
54520
7730
28607
13301
3127
68431
21366
45734
15770
30497
27
25788
65764
43150
10664
992
20562
65758
31558
5696
36799
40512
55443
64273
26933
4642
1289
53144
18490
70308
21982
31198
48161
71275
63659
71004
72137
66906
55484
72494
42232
29923
17042
33774
42613
17361
61863
58396
49479
38330
37384
7223
64110
44497
56130
54554
67908
29934
48362
14979
69303
1395
14746
27246
11880
5192
29489
25051
21922
65263
17021
42065
20100
37539
23047
65147
10464
32343
41891
59515
13275
64181
43966
15122
28695
34000
68102
7727
11630
38897
71466
40716
70405
68171
47425
55525
28432
31740
67423
12482
3532
6754
39948
67318
43606
36263
63562
30711
47661
65971
65454
51203
12460
2324
39549
41203
58675
54562
49822
45626
32906
26943
39439
34700
41532
40710
8757
670
63191
61620
45848
22243
37737
71071
11830
36000
48045
72319
51979
38315
16830
66303
3506
43854
10126
10344
23731
55024
72373
51570
72715
32283
42950
25085
37958
49905
37327
11548
50822
22131
61554
27969
21958
59963
51014
7160
42052
61356
44649
38997
24826
13740
31155
37472
24832
19648
45216
57738
1515
49144
40258
45149
14012
45410
68896
45375
10355
18782
25233
34373
30140
50922
59125
39603
9794
1138
68764
56901
54029
27862
5740
64567
66583
13188
65480
27605
34665
6954
69492
43501
20689
49768
45635
228
41259
18894
14729
66673
54096
72999
48351
17587
49758
31394
38563
33765
22753
64001
42196
3202
21707
45959
15347
9373
63441
20894
15331
28563
2983
48224
71989
48380
65385
17006
65031
67111
12861
72551
53071
20796
51027
19430
60596
33191
28245
60104
36876
69408
67834
61965
51101
24923
46510
49449
23155
57228
42941
44284
30748
47004
8835
68413
16735
39632
57237
31098
5738
2668
29549
68501
20496
28609
35575
37367
66736
40059
47155
51011
19848
72095
58156
31865
64439
42756
1745
58422
68373
54503
69877
68135
35592
26478
67792
17936
36589
67463
19144
32988
49458
45958
33413
25417
58885
46845
39459
23748
9084
57030
14376
63023
33814
44781
53536
30865
45935
66206
45980
35243
41361
36696
29418
40174
14631
35490
42997
51317
54452
56956
32924
48192
58107
8213
30602
43362
45217
52896
66195
8398
43968
32024
8945
10589
30311
60359
51797
43110
47078
52385
67919
5044
3776
16929
49796
62405
32822
62951
43169
62271
66266
60748
4222
3927
9702
7731
57047
44948
56750
46857
53033
31411
64237
14799
37513
40996
13439
38217
33013
72141
52811
59015
40089
47923
13918
8994
38634
54835
66847
18648
8886
23028
34233
11676
44226
4556
34652
70792
5775
17066
4660
59180
25082
13712
28508
68143
20090
39063
7502
29351
28846
25965
33820
51649
68684
35617
30485
7060
46870
72606
45762
19092
48515
53342
27928
33721
58129
60790
10839
72105
46047
72795
3775
34142
59931
18067
64926
33929
68510
29940
34130
17010
28990
6697
56859
29323
40055
70162
47528
4600
22939
10185
45725
33924
11483
54178
26504
40098
66175
19148
53546
66402
26297
37375
58224
29770
4457
67775
25873
4720
63371
5629
36093
51652
59861
33609
18502
17426
40984
19615
10632
28617
33802
46211
46669
1664
19765
14626
50816
69327
56072
49510
67713
21545
31646
54895
66561
29481
27557
13482
72275
5481
61031
19829
5219
27941
70462
69820
40516
6282
62221
57011
10121
13692
28149
7507
66035
60579
42096
477
31655
32377
9347
44190
49213
2744
66540
16197
66807
45180
3852
60105
24647
35070
35148
71261
15143
67424
34623
41103
72565
56414
38616
32740
21147
57894
57470
23434
7625
14419
37609
41743
38778
24807
54732
12593
36031
13106
60268
29585
21918
6010
7750
55712
35996
60996
53022
13467
10634
12361
70569
8887
65518
27059
38688
25029
71498
251
14449
58943
58300
27049
70826
27051
55976
35313
13319
49575
42138
20347
12234
57339
68954
38249
12797
57328
19425
20112
32501
33453
1774
59447
11620
13178
48702
51857
27236
15254
70283
17755
34290
59393
28585
26091
34591
6308
55277
68527
17959
19602
28146
7651
39318
67419
22294
53288
18763
10216
57282
27041
35076
69472
69463
27836
70993
351
39007
32075
57742
36495
62054
44366
7748
63145
4695
63396
48385
9340
50963
24339
59265
58784
15062
56548
58898
41768
41822
55562
29261
26262
61332
41922
13252
60699
52313
38040
69363
22588
11782
18109
69131
41892
8522
140
33282
18966
29251
41185
22052
54360
55142
54477
51362
16094
37919
36043
36767
55545
60632
58559
54646
66243
5643
24019
53528
1065
71541
28201
38095
59185
55930
66328
63047
64361
36795
44578
20862
19384
63362
35826
48553
32916
33746
3402
35899
7274
28354
25725
30964
58669
40653
22897
63237
24894
7477
70080
32025
63731
35455
26958
9423
27810
14499
41475
24143
34558
60218
60061
17075
23072
9300
11790
42462
23496
48754
50973
43324
65999
56614
3106
71113
1381
39323
56830
34861
58537
72863
154
59165
64725
13582
16406
38751
72006
59715
28336
61946
65704
43304
69453
52208
57426
44058
47002
15227
53990
22577
23213
49440
39186
41425
63584
42288
29763
31605
3570
9065
23679
62282
56647
25893
10452
18838
1668
46890
66770
45310
22480
32440
50466
11980
54236
40962
59061
65777
18238
31065
46300
49708
58468
45347
24171
58440
36321
25162
65197
59983
31879
39916
29491
6406
32281
46941
18373
68614
25455
8358
5792
27639
49417
40397
49839
23595
21883
8743
72733
58415
21541
11503
6441
66832
37128
23617
59234
33322
17441
37612
57952
5801
4337
5352
53785
28743
38707
61857
1949
52257
31908
72404
13624
46233
62180
60800
47900
25007
5244
4946
47362
48558
18116
32429
1740
12761
5954
37267
10479
70564
16587
48826
18601
22164
40299
20120
51137
14055
28676
33054
41143
19285
48076
4634
53380
66747
41052
61540
60649
21133
47149
49935
50507
38875
4685
48513
8856
17096
53259
45525
9774
62662
23026
62030
69776
68369
65001
3220
72791
32920
62975
64648
639
66287
28334
29785
66716
3082
27358
43753
56246
15652
16498
55579
34934
17296
35354
15320
29867
48729
35783
14163
58640
50012
64203
40717
45910
53258
50015
20139
20284
59339
23968
48461
25063
43197
18736
66945
57702
32311
62198
3336
44540
13945
58198
59850
44798
19174
20767
29565
50784
2048
41055
9160
61875
45670
59349
61609
29226
53605
25823
66905
42131
10019
37278
36366
13857
38723
21422
34457
20164
66110
37656
3808
59626
37259
14099
60657
14873
8450
72120
37344
66738
30013
9478
5157
29325
40194
54413
33904
25916
65778
7792
69523
36613
70801
40944
52159
7867
70057
55065
70757
18028
71781
2813
45450
23093
66422
48714
25933
23236
19073
1442
31365
71860
27537
67620
34011
37143
19653
6915
48202
29858
46390
63846
61844
51427
5118
47503
50717
59633
17815
71515
13632
908
22237
69650
60881
34924
23565
57729
62896
30327
1243
54609
29055
59853
58462
36261
39966
23525
37522
61112
25098
58046
3430
45634
19658
9960
37181
1713
38561
8414
6447
37718
24046
68859
57910
6246
52773
30455
