53939
37750
5283
53238
50905
19818
29554
52366
2451
70320
50817
55866
42900
49351
41731
35839
61675
32577
19977
33507
54272
60588
29374
32610
10517
57258
30161
72828
4201
26322
72443
71502
61136
11367
50856
13000
38811
10098
23877
57293
61555
24984
54767
45424
28294
70426
43958
51914
5951
59093
67649
6504
69521
10831
13013
22896
4796
6138
42794
1361
69992
25809
51372
25620
43636
7935
6117
25705
5823
55786
70112
50365
27513
23753
35279
37007
42736
50199
60420
13597
71457
61367
20371
61352
61368
54202
52259
31396
38889
33414
63526
26077
47286
56355
67721
44428
64595
48612
11218
70070
18232
5444
33641
54853
39322
11004
21800
11033
63227
12596
66327
13176
44669
65680
22836
11517
69724
52043
59602
60757
20756
48191
37783
3390
61042
63696
33520
9374
11431
19687
67181
52272
55427
22371
70703
23249
3266
15733
63184
11139
51900
41427
31873
17788
6452
71
47262
39517
22377
8696
63361
55465
28541
29249
72977
242
9296
28170
5274
28127
18240
2651
46256
48244
34190
51021
46097
62654
22564
48795
485
47228
11389
64768
48065
35506
65287
19895
36125
8286
46807
57119
34267
34513
37193
29792
54956
23527
27504
38323
787
3625
59570
30240
55223
4950
3055
36617
24791
52865
63902
69254
53540
60824
34476
68987
66762
24684
41416
69924
15491
39777
54906
33612
48126
6953
60929
53423
17864
43671
12887
69894
23221
46514
48256
32693
67276
37542
53999
43559
20686
26645
4335
61060
26274
51992
22934
10674
36332
65914
65298
20595
36307
26915
38584
6978
6838
68862
65665
16532
62342
20397
68382
2880
7466
51938
63715
10461
21825
45641
40704
57549
10721
56875
65446
34199
60626
71761
39310
11654
70848
51824
42931
9227
22802
14361
17300
384
34347
3982
59205
21641
25176
62843
9918
35512
32897
67103
61113
4834
68445
32868
61093
58093
21953
9771
50926
543
54256
4033
8519
44660
61171
69029
36171
21579
15683
63072
2337
10313
41225
11340
1278
11116
58767
36192
39454
18764
11936
61204
67720
13595
15485
42676
27141
17263
22938
42108
50772
54893
43241
61442
56706
52011
32426
17401
21776
35023
24252
60177
46710
23381
30853
24670
36612
22842
9217
69347
7130
33360
6990
7705
27204
63383
69063
32531
71772
1473
49123
22153
15895
66351
4496
27984
55402
2805
51328
63662
47835
72711
63162
1632
33376
39537
72480
68191
13993
3840
8352
20550
70187
8110
1444
22583
30722
4729
17750
5758
35190
72639
16167
36520
53976
10797
72975
57009
54595
66642
12186
32364
66316
62157
42991
27745
37145
38366
71737
68297
7417
30484
36770
63244
25642
37557
43280
5045
39236
44869
11005
33972
8956
58812
61078
25632
36805
51297
27102
58022
295
64155
38906
39455
55286
19985
2826
29514
7518
18468
18912
66043
29944
28062
29957
54310
17967
38652
57291
42764
15158
21855
40521
17668
28835
51431
31794
1689
25928
41181
7414
57944
946
26900
11147
69365
52060
41521
56031
45802
5884
37020
17873
32021
43457
67405
25546
13829
72471
52012
27845
71935
22923
7919
26463
31412
36996
25874
53765
67725
70951
37350
11376
13773
24203
11072
34699
758
48304
40024
24596
19596
50719
24415
29217
29317
13972
6698
55506
28863
60458
64557
32611
25988
36899
30474
19269
32332
69086
59828
52804
32496
34413
1196
18486
53822
40871
28959
34918
70627
34425
2285
64329
9452
99
49754
27582
65705
42504
62663
52971
59969
35394
44263
44774
25951
52067
113
14135
58654
57898
12231
71105
55248
63528
45036
62454
25441
27772
37846
13170
38254
19595
13638
22497
70131
32141
60362
50569
14659
63620
68380
51789
64560
41806
41873
58881
28473
34592
35939
17154
40353
70431
23416
30358
6116
41064
16962
13137
26020
67880
19767
3663
49446
6223
51747
64849
35994
69581
11843
43822
44255
29192
35795
65352
66809
61247
28240
63069
8960
4611
15095
5785
44092
51054
33682
47714
43376
14472
61962
35778
53375
45721
43526
70824
5537
60166
58273
34368
68531
35496
33772
23549
38670
23534
35872
59465
8902
43634
20243
41516
44063
60666
42823
1392
56570
58918
64457
63344
15918
47700
1488
8921
41090
3495
21981
30657
57071
31715
57626
42591
47955
26742
29556
70675
53699
32231
22597
5580
48356
103
28278
49713
18506
72226
27554
22640
26910
18163
43069
58319
72745
70126
52380
14014
35879
54687
31094
46019
16833
67232
51803
71462
25471
25566
28902
72811
56898
2259
48182
35481
43594
5484
4674
60191
58641
70584
59623
63727
23237
4871
24010
9268
1844
67700
7901
15591
9673
51224
41062
46027
52538
44040
6115
67046
13942
62341
71161
30121
71774
63450
46417
8916
29253
66941
57550
42889
56174
7970
24067
31661
47512
44149
36739
55191
51531
17319
49844
51468
46660
32945
9882
15414
54559
53684
52563
61089
56280
72255
26515
19014
32741
31843
65854
22133
10601
49175
23216
47939
34941
49507
30048
57672
60363
34235
43455
28925
9942
37748
26472
56749
45915
65618
47272
11132
56649
39833
7627
55477
28206
65845
41390
36834
10606
33585
8503
66776
56177
72859
26656
32264
15840
37567
71030
22039
45683
15379
40608
41974
61837
63739
24623
60054
57377
29303
18476
57665
11724
15756
72142
40533
25704
59940
42649
20559
43800
15291
57971
37924
30557
55147
26953
55425
3024
3097
10769
56113
36942
30245
20086
65684
27832
59571
20189
23260
571
24921
43495
17681
48069
51425
53224
29238
34817
20466
30415
44332
3016
38318
47738
41268
2275
60159
61608
49777
17956
58387
4108
22060
61362
62330
56216
24094
31445
44126
2047
61065
64367
23311
20670
46059
61011
38663
36841
18741
52107
66520
6659
932
12907
60949
1913
42820
16259
63613
54143
18951
35625
26362
8630
9529
34064
5515
42076
9052
64373
69239
3129
71238
62240
6340
35210
16107
65972
4019
48922
47884
49951
12085
70696
18590
52577
40636
36830
9183
38953
57891
13873
46931
54920
2672
71233
61881
5233
71373
22531
26737
36115
16760
51800
16661
24031
16691
47988
55854
63868
35618
19775
39079
27180
49375
15977
39727
27014
32556
11461
63380
60769
12329
69759
17429
20548
24852
72645
50323
46469
29935
46153
69279
26816
52851
8890
13386
15220
14444
15816
43887
48743
63469
22119
6876
33946
6796
58935
49824
23462
85
44309
16952
38150
36346
21071
18470
3173
14180
49963
45455
63994
20249
20472
59792
58372
