13
27
71
85
88
93
95
99
103
110
113
119
140
144
147
154
155
156
169
176
179
189
192
194
198
200
204
206
214
221
222
224
228
236
239
242
246
251
266
269
270
295
304
317
318
322
327
330
351
356
384
392
398
402
409
418
425
429
443
444
452
458
459
470
477
484
485
487
488
513
523
543
552
563
571
605
608
637
639
653
670
678
682
683
688
709
717
718
731
750
758
767
769
787
811
813
824
825
826
828
837
839
845
846
867
868
876
884
908
912
932
946
953
969
971
976
985
989
992
994
998
1013
1015
1035
1047
1057
1058
1060
1065
1078
1082
1083
1107
1128
1136
1138
1146
1159
1162
1174
1181
1187
1192
1196
1197
1204
1233
1243
1247
1249
1273
1274
1275
1278
1288
1289
1306
1309
1323
1331
1339
1345
1346
1352
1361
1362
1368
1372
1378
1381
1387
1390
1392
1393
1395
1396
1400
1410
1416
1421
1423
1442
1443
1444
1449
1450
1462
1465
1466
1469
1473
1487
1488
1493
1500
1510
1512
1515
1517
1519
1521
1556
1584
1589
1597
1604
1632
1639
1664
1667
1668
1684
1689
1701
1709
1713
1726
1727
1738
1740
1741
1743
1744
1745
1767
1774
1785
1786
1818
1820
1839
1844
1851
1853
1877
1886
1897
1913
1914
1917
1943
1948
1949
1965
1991
2007
2014
2019
2023
2039
2042
2044
2047
2048
2049
2066
2070
2077
2091
2113
2114
2125
2135
2169
2182
2185
2186
2202
2204
2223
2228
2235
2244
2259
2264
2271
2272
2275
2285
2288
2293
2307
2321
2324
2327
2337
2340
2341
2347
2361
2367
2376
2401
2413
2415
2422
2429
2437
2451
2459
2488
2493
2509
2516
2537
2538
2548
2549
2553
2569
2591
2598
2613
2639
2640
2651
2655
2668
2672
2693
2701
2709
2710
2711
2713
2735
2737
2744
2749
2752
2753
2757
2791
2792
2795
2797
2802
2803
2805
2813
2821
2824
2826
2839
2843
2876
2880
2882
2884
2888
2892
2893
2914
2920
2958
2962
2963
2980
2983
2992
2999
3011
3012
3013
3015
3016
3024
3029
3033
3034
3055
3060
3082
3096
3097
3106
3127
3129
3140
3172
3173
3177
3182
3184
3189
3202
3203
3209
3219
3220
3261
3266
3269
3276
3277
3301
3330
3336
3338
3344
3355
3368
3371
3372
3390
3402
3413
3416
3425
3430
3431
3432
3477
3495
3501
3503
3506
3532
3546
3558
3563
3570
3585
3592
3605
3608
3611
3613
3625
3634
3644
3649
3658
3660
3663
3673
3676
3678
3680
3685
3695
3700
3710
3715
3717
3728
3731
3733
3740
3747
3755
3775
3776
3803
3808
3811
3819
3840
3852
3861
3869
3888
3892
3893
3915
3920
3925
3927
3932
3935
3943
3959
3973
3982
3983
3986
4017
4019
4021
4033
4037
4060
4064
4067
4075
4081
4083
4106
4108
4119
4127
4131
4140
4153
4162
4163
4167
4168
4187
4200
4201
4215
4221
4222
4224
4246
4250
4255
4260
4265
4287
4292
4299
4313
4335
4337
4343
4356
4360
4362
4379
4387
4392
4396
4399
4400
4409
4410
4426
4427
4429
4439
4444
4456
4457
4470
4476
4496
4501
4509
4530
4543
4556
4561
4578
4600
4611
4634
4642
4648
4660
4671
4674
4677
4685
4691
4693
4695
4711
4718
4719
4720
4723
4729
4734
4735
4750
4753
4764
4776
4782
4796
4819
4834
4850
4871
4876
4899
4905
4910
4927
4945
4946
4950
4953
4967
4988
4996
5001
5006
5007
5027
5030
5033
5040
5044
5045
5048
5051
5053
5066
5074
5090
5095
5101
5112
5117
5118
5120
5121
5146
5149
5156
5157
5165
5177
5185
5192
5193
5202
5215
5218
5219
5220
5230
5233
5237
5244
5260
5266
5274
5278
5283
5305
5313
5324
5340
5345
5350
5352
5360
5361
5368
5391
5402
5436
5442
5444
5451
5460
5463
5465
5481
5484
5515
5516
5524
5537
5545
5552
5558
5572
5580
5582
5594
5610
5615
5629
5631
5643
5646
5649
5656
5660
5661
5664
5683
5696
5703
5706
5726
5727
5738
5740
5756
5758
5765
5770
5773
5775
5785
5790
5791
5792
5800
5801
5813
5823
5830
5850
5868
5877
5884
5892
5893
5904
5918
5929
5951
5953
5954
5958
5969
5986
5987
6002
6010
6011
6013
6022
6026
6037
6044
6067
6071
6077
6093
6094
6107
6113
6115
6116
6117
6124
6134
6137
6138
6156
6157
6160
6166
6170
6184
6187
6196
6223
6246
6253
6265
6269
6274
6275
6279
6282
6299
6308
6315
6321
6326
6329
6330
6332
6338
6340
6360
6362
6372
6373
6375
6379
6380
6406
6412
6413
6427
6430
6441
6445
6447
6452
6454
6458
6461
6466
6483
6501
6504
6505
6507
6512
6515
6522
6555
6557
6559
6579
6603
6607
6611
6626
6653
6657
6659
6679
6682
6696
6697
6698
6709
6710
6712
6736
6745
6750
6752
6754
6759
6761
6764
6768
6770
6772
6791
6793
6796
6803
6805
6815
6824
6838
6865
6873
6876
6877
6881
6900
6903
6908
6913
6915
6929
6930
6934
6938
6941
6945
6953
6954
6970
6978
6980
6982
6984
6990
6991
7000
7002
7005
7024
7034
7040
7041
7060
7062
7068
7079
7095
7108
7130
7138
7142
7153
7159
7160
7163
7177
7188
7189
7193
7223
7228
7239
7245
7260
7263
7264
7265
7274
7290
7296
7297
7303
7306
7315
7316
7323
7354
7355
7360
7379
7390
7391
7392
7395
7399
7414
7416
7417
7426
7435
7447
7456
7466
7477
7478
7481
7499
7502
7507
7518
7521
7530
7533
7539
7546
7547
7556
7586
7591
7599
7608
7617
7625
7627
7634
7638
7651
7665
7667
7674
7699
7705
7709
7727
7728
7730
7731
7748
7750
7774
7789
7792
7812
7813
7815
7831
7838
7867
7875
7877
7899
7901
7915
7919
7926
7935
7940
7946
7960
7970
7981
8008
8026
8029
8048
8054
8061
8094
8105
8110
8116
8125
8126
8131
8135
8137
8144
8150
8159
8171
8196
8213
8215
8223
8227
8234
8235
8238
8239
8255
8275
8278
8280
8286
8304
8314
8335
8340
8352
8358
8362
8363
8367
8369
8375
8383
8389
8391
8398
8414
8424
8426
8444
8447
8450
8470
8481
8486
8489
8503
8519
8522
8557
8575
8582
8584
8593
8596
8604
8610
8621
8625
8627
8630
8640
8660
8667
8696
8699
8707
8711
8718
8721
8732
8734
8737
8743
8757
8758
8774
8776
8790
8796
8798
8801
8824
8828
8835
8837
8856
8858
8862
8886
8887
8888
8890
8902
8910
8913
8916
8917
8921
8926
8929
8938
8945
8956
8960
8970
8973
8983
8994
9007
9010
9015
9030
9052
9065
9073
9077
9084
9092
9095
9097
9105
9111
9112
9113
9142
9144
9150
9160
9162
9163
9169
9177
9183
9188
9192
9193
9199
9202
9217
9224
9227
9228
9243
9255
9267
9268
9277
9283
9291
9296
9298
9300
9310
9338
9340
9347
9354
9355
9373
9374
9376
9384
9408
9411
9423
9440
9449
9452
9456
9458
9478
9481
9495
9507
9529
9562
9563
9570
9578
9588
9603
9604
9609
9668
9673
9679
9683
9699
9702
9712
9737
9738
9754
9758
9771
9774
9786
9792
9793
9794
9799
9860
9877
9882
9886
9891
9918
9942
9960
9964
9971
9982
9989
9996
10010
10011
10013
10019
10027
10054
10063
10098
10102
10106
10113
10115
10117
10118
10121
10126
10134
10185
10191
10192
10209
10214
10216
10227
10234
10243
10255
10262
10269
10277
10298
10313
10314
10319
10327
10344
10349
10355
10361
10364
10375
10383
10400
10410
10421
10425
10430
10437
10445
10449
10450
10452
10456
10459
10461
10464
10470
10476
10479
10494
10508
10517
10542
10546
10560
10562
10576
10589
10590
10594
10601
10602
10606
10622
10630
10631
10632
10634
10639
10659
10664
10672
10674
10687
10697
10700
10702
10715
10721
10737
10739
10740
10746
10768
10769
10771
10780
10784
10791
10793
10797
10813
10818
10824
10825
10831
10839
10868
10913
10915
10917
10929
10933
10934
10939
10950
10988
10991
10995
11004
11005
11018
11027
11033
11050
11062
11068
11070
11072
11094
11098
11103
11106
11116
11117
11118
11120
11123
11125
11132
11133
11134
11139
11146
11147
11188
11197
11205
11218
11231
11235
11241
11246
11251
11258
11264
11270
11274
11305
11330
11336
11340
11341
11348
11367
11369
11376
11389
11393
11397
11411
11423
11431
11432
11455
11461
11477
11478
11483
11486
11490
11493
11499
11503
11511
11512
11517
11530
11537
11543
11548
11551
11571
11611
11616
11618
11620
11628
11630
11633
11637
11638
11654
11655
11656
11661
11664
11668
11676
11687
11688
11691
11696
11699
11718
11724
11726
11757
11767
11778
11779
11782
11787
11788
11790
11805
11817
11830
11835
11838
11843
11846
11847
11851
11858
11879
11880
11886
11907
11936
11946
11949
11965
11980
11984
11992
12010
12013
12042
12085
12103
12104
12122
12143
12151
12163
12168
12178
12179
12184
12185
12186
12195
12197
12209
12213
12217
12225
12227
12229
12231
12234
12237
12242
12256
12258
12264
12270
12276
12292
12302
12305
12316
12322
12329
12340
12346
12349
12355
12361
12367
12379
12386
12410
12444
12460
12466
12469
12474
12482
12486
12490
12497
12498
12503
12529
12536
12559
12566
12568
12593
12596
12597
12612
12619
12624
12633
12640
12648
12651
12655
12670
12674
12690
12695
12700
12706
12713
12724
12725
12729
12732
12741
12742
12750
12761
12774
12782
12783
12787
12795
12797
12818
12840
12861
12867
12873
12886
12887
12907
12921
12947
12948
12959
12989
12991
12998
13000
13012
13013
13014
13041
13042
13047
13057
13065
13075
13091
13102
13106
13113
13134
13137
13139
13141
13147
13170
13176
13178
13182
13184
13188
13198
13208
13223
13224
13232
13252
13261
13269
13275
13286
13289
13296
13298
13299
13301
13309
13315
13319
13347
13348
13377
13381
13386
13417
13421
13423
13439
13440
13451
13467
13474
13482
13522
13532
13538
13545
13555
13570
13582
13587
13595
13597
13612
13615
13624
13632
13638
13661
13682
13686
13692
13703
13708
13712
13714
13716
13721
13725
13738
13739
13740
13741
13749
13758
13766
13773
13776
13801
13805
13807
13808
13826
13829
13835
13841
13842
13847
13849
13857
13869
13873
13879
13895
13896
13908
13917
13918
13919
13925
13938
13942
13945
13948
13955
13962
13972
13975
13980
13986
13993
13997
14004
14012
14014
14031
14035
14036
14049
14055
14069
14076
14083
14089
14099
14106
14128
14135
14149
14163
14170
14172
14180
14206
14223
14245
14252
14253
14257
14267
14270
14274
14275
14299
14310
14342
14347
14361
14376
14378
14380
14389
14390
14398
14407
14408
14410
14417
14419
14429
14433
14438
14444
14449
14451
14457
14464
14470
14472
14475
14499
14517
14538
14553
14565
14577
14578
14620
14626
14629
14631
14634
14635
14637
14641
14659
14674
14688
14697
14705
14728
14729
14738
14746
14751
14758
14765
14766
14781
14782
14799
14804
14815
14818
14825
14841
14842
14856
14858
14859
14867
14873
14877
14883
14886
14887
14905
14920
14938
14940
14949
14955
14958
14965
14973
14974
14979
14986
14987
14992
15004
15009
15017
15040
15052
15061
15062
15064
15068
15083
15093
15095
15108
15122
15126
15143
15158
15168
15176
15180
15181
15182
15189
15191
15220
15225
15227
15236
15238
15240
15253
15254
15267
15274
15276
15284
15291
15292
15307
15309
15320
15328
15331
15341
15347
15379
15384
15386
15390
15395
15396
15414
15423
15432
15438
15454
15464
15472
15474
15479
15485
15491
15495
15497
15510
15516
15522
15529
15536
15538
15541
15555
15567
15568
15573
15591
15631
15632
15649
15652
15653
15662
15664
15665
15667
15683
15684
15685
15688
15692
15710
15711
15718
15721
15726
15733
15736
15738
15739
15743
15751
15756
15761
15770
15779
15794
15797
15816
15830
15835
15840
15865
15871
15879
15884
15895
15898
15912
15918
15925
15953
15955
15974
15977
15984
15985
16009
16020
16029
16073
16084
16087
16094
16095
16107
16110
16133
16135
16148
16149
16167
16176
16177
16180
16185
16196
16197
16200
16224
16250
16251
16259
16288
16302
16307
16310
16318
16351
16363
16367
16406
16411
16420
16424
16434
16443
16448
16457
16459
16470
16498
16515
16525
16532
16536
16539
16548
16553
16567
16572
16584
16587
16588
16598
16625
16649
16661
16678
16680
16685
16691
16692
16701
16708
16712
16718
16727
16735
16743
16751
16752
16758
16760
16763
16779
16782
16800
16810
16827
16830
16833
16836
16846
16851
16852
16862
16875
16893
16927
16929
16933
16934
16940
16952
16962
16980
16983
16998
16999
17006
17009
17010
17017
17021
17040
17041
17042
17047
17053
17059
17060
17063
17066
17074
17075
17076
17080
17096
17101
17104
17107
17108
17110
17116
17154
17165
17215
17220
17223
17242
17263
17265
17279
17296
17300
17303
17304
17319
17320
17333
17344
17361
17372
17373
17386
17401
17407
17410
17426
17427
17429
17441
17471
17476
17497
17504
17505
17509
17513
17517
17529
17559
17587
17598
17600
17602
17604
17605
17619
17623
17636
17637
17651
17658
17666
17668
17681
17682
17690
17694
17709
17713
17714
17716
17742
17745
17748
17750
17753
17755
17787
17788
17791
17795
17799
17815
17825
17841
17843
17850
17864
17865
17867
17873
17877
17896
17912
17936
17946
17947
17949
17952
17956
17959
17967
17970
17987
17996
17999
18011
18019
18020
18028
18034
18039
18040
18047
18056
18067
18082
18085
18092
18094
18098
18099
18102
18109
18115
18116
18120
18121
18124
18131
18152
18156
18159
18163
18170
18179
18185
18186
18193
18195
18197
18208
18232
18238
18239
18240
18249
18256
18266
18294
18312
18315
18318
18334
18338
18365
18367
18373
18381
18402
18404
18413
18415
18424
18427
18430
18433
18436
18453
18468
18470
18476
18486
18490
18492
18496
18502
18506
18556
18562
18569
18573
18587
18590
18601
18605
18648
18649
18656
18677
18698
18699
18712
18736
18738
18740
18741
18745
18763
18764
18771
18782
18785
18790
18797
18829
18835
18838
18854
18858
18860
18867
18887
18888
18894
18900
18912
18918
18930
18938
18951
18952
18960
18966
18978
18979
18989
19007
19010
19014
19026
19027
19040
19058
19064
19069
19073
19079
19091
19092
19104
19113
19125
19128
19135
19137
19144
19148
19161
19174
19190
19214
19224
19228
19229
19233
19234
19237
19248
19260
19269
19285
19287
19301
19320
19330
19331
19335
19350
19358
19370
19378
19384
19397
19411
19425
19428
19430
19435
19439
19451
19453
19471
19478
19489
19516
19539
19546
19565
19572
19592
19593
19595
19596
19602
19605
19615
19623
19624
19626
19635
19636
19639
19648
19653
19658
19682
19687
19701
19703
19728
19736
19745
19759
19760
19761
19763
19764
19765
19767
19775
19797
19804
19818
19829
19832
19833
19834
19838
19848
19854
19868
19878
19895
19896
19897
19899
19926
19947
19954
19970
19974
19977
19978
19980
19985
19989
19990
19996
19999
20009
20013
20026
20034
20036
20040
20049
20056
20072
20086
20089
20090
20094
20096
20097
20098
20100
20112
20116
20120
20132
20139
20141
20164
20171
20178
20179
20184
20185
20189
20194
20203
20217
20235
20243
20249
20260
20263
20282
20284
20287
20291
20292
20301
20308
20317
20322
20323
20347
20371
20380
20382
20383
20386
20389
20397
20422
20423
20453
20466
20467
20472
20477
20493
20496
20520
20532
20541
20545
20548
20550
20559
20562
20595
20596
20609
20610
20620
20626
20631
20635
20649
20670
20679
20684
20685
20686
20689
20712
20746
20756
20767
20773
20794
20796
20805
20808
20810
20812
20819
20825
20827
20843
20862
20863
20882
20886
20894
20902
20904
20908
20935
20951
20988
20992
21005
21008
21017
21021
21025
21031
21048
21052
21054
21058
21064
21066
21069
21071
21107
21120
21123
21133
21147
21155
21165
21186
21193
21196
21202
21210
21245
21255
21283
21295
21299
21303
21322
21325
21333
21338
21341
21345
21366
21375
21385
21387
21394
21405
21414
21422
21436
21447
21453
21460
21471
21486
21497
21520
21534
21537
21541
21542
21545
21558
21566
21567
21570
21573
21579
21584
21605
21609
21615
21622
21623
21635
21641
21643
21649
21651
21652
21658
21661
21670
21683
21690
21701
21704
21705
21707
21715
21723
21745
21751
21755
21776
21788
21800
21802
21807
21822
21825
21855
21856
21883
21887
21914
21918
21922
21924
21932
21937
21945
21953
21958
21969
21971
21981
21982
22002
22011
22012
22014
22016
22039
22048
22052
22057
22060
22062
22083
22087
22093
22109
22119
22120
22131
22133
22135
22136
22153
22159
22164
22168
22196
22199
22207
22209
22213
22214
22215
22233
22234
22236
22237
22243
22268
22271
22277
22283
22285
22293
22294
22299
22303
22310
22348
22352
22355
22371
22373
22374
22375
22377
22381
22391
22393
22401
22405
22424
22430
22450
22451
22452
22460
22478
22480
22483
22497
22500
22508
22526
22528
22531
22555
22564
22573
22577
22583
22588
22591
22597
22603
22636
22640
22645
22660
22668
22682
22692
22697
22711
22712
22748
22753
22763
22767
22778
22780
22784
22788
22790
22793
22802
22803
22806
22815
22828
22834
22836
22842
22860
22875
22883
22892
22896
22897
22900
22912
22914
22923
22924
22926
22934
22938
22939
22946
22959
22963
22966
23006
23010
23018
23024
23026
23028
23029
23033
23039
23047
23057
23072
23077
23093
23099
23100
23114
23117
23120
23123
23137
23155
23162
23165
23169
23183
23184
23185
23204
23211
23213
23216
23221
23222
23229
23230
23236
23237
23240
23244
23248
23249
23260
23295
23308
23311
23314
23319
23320
23326
23351
23358
23360
23375
23381
23392
23401
23414
23415
23416
23428
23434
23440
23443
23445
23448
23454
23462
23470
23479
23496
23520
23525
23527
23528
23530
23534
23537
23538
23549
23555
23556
23564
23565
23575
23588
23595
23599
23613
23617
23623
23633
23641
23642
23644
23646
23652
23660
23666
23667
23671
23679
23687
23688
23696
23707
23710
23728
23731
23739
23748
23753
23773
23775
23783
23784
23796
23803
23811
23813
23815
23843
23860
23865
23872
23877
23913
23921
23930
23931
23956
23968
23970
23975
23978
23980
23982
23984
23988
23996
24007
24010
24019
24020
24031
24032
24038
24041
24046
24050
24062
24067
24070
24083
24094
24103
24122
24125
24127
24129
24143
24149
24155
24156
24157
24158
24164
24171
24172
24203
24216
24220
24227
24231
24232
24245
24252
24267
24268
24277
24288
24289
24304
24306
24308
24318
24322
24329
24339
24345
24348
24378
24384
24390
24402
24415
24422
24427
24433
24441
24447
24454
24458
24476
24481
24495
24499
24514
24529
24532
24541
24562
24566
24581
24596
24605
24607
24618
24622
24623
24629
24630
24635
24647
24653
24657
24662
24670
24684
24685
24687
24689
24700
24709
24711
24726
24748
24762
24790
24791
24807
24808
24809
24826
24832
24835
24845
24852
24856
24867
24872
24875
24890
24893
24894
24907
24921
24923
24929
24934
24937
24943
24948
24950
24984
24999
25002
25007
25013
25015
25029
25032
25047
25051
25053
25063
25065
25070
25076
25080
25082
25084
25085
25086
25089
25092
25093
25098
25131
25141
25144
25150
25157
25162
25166
25167
25172
25176
25223
25233
25241
25242
25254
25260
25273
25277
25279
25295
25305
25322
25323
25333
25339
25360
25368
25374
25384
25386
25389
25406
25413
25417
25429
25441
25443
25447
25455
25471
25487
25501
25506
25512
25522
25527
25536
25544
25546
25566
25595
25596
25615
25620
25632
25634
25642
25651
25653
25681
25704
25705
25717
25725
25730
25740
25749
25763
25774
25777
25787
25788
25809
25819
25823
25835
25843
25853
25855
25863
25873
25874
25889
25893
25916
25928
25933
25934
25942
25951
25960
25965
25969
25972
25988
25999
26002
26011
26020
26021
26048
26070
26077
26078
26082
26089
26091
26100
26104
26113
26116
26125
26131
26137
26146
26154
26185
26199
26200
26214
26224
26260
26262
26274
26277
26295
26297
26322
26325
26331
26334
26358
26359
26362
26375
26379
26387
26393
26417
26419
26431
26457
26463
26470
26472
26473
26478
26479
26480
26481
26504
26509
26515
26519
26535
26536
26545
26574
26575
26584
26587
26613
26614
26620
26626
26645
26648
26656
26659
26667
26678
26684
26693
26695
26696
26701
26702
26735
26736
26737
26742
26745
26749
26751
26762
26770
26775
26788
26793
26796
26807
26816
26836
26861
26864
26866
26871
26890
26900
26904
26910
26915
26922
26933
26940
26943
26946
26953
26958
26978
26988
27003
27014
27038
27040
27041
27049
27051
27059
27071
27075
27084
27094
27099
27102
27106
27111
27131
27132
27141
27144
27149
27166
27180
27184
27188
27196
27204
27206
27224
27234
27236
27240
27246
27260
27261
27274
27278
27279
27288
27291
27294
27300
27301
27303
27316
27320
27323
27354
27358
27360
27371
27378
27418
27421
27423
27429
27448
27460
27462
27466
27474
27477
27481
27492
27494
27504
27512
27513
27514
27524
27529
27537
27538
27539
27540
27553
27554
27557
27582
27584
27605
27611
27612
27618
27621
27622
27639
27642
27648
27653
27654
27656
27671
27685
27688
27699
27736
27745
27761
27772
27773
27781
27785
27809
27810
27812
27813
27814
27817
27820
27832
27836
27841
27842
27845
27862
27863
27871
27873
27875
27883
27885
27901
27911
27928
27931
27933
27934
27941
27954
27961
27969
27971
27976
27984
27993
27995
28003
28051
28053
28055
28060
28062
28069
28084
28103
28104
28112
28118
28122
28127
28138
28146
28147
28149
28157
28161
28170
28173
28178
28184
28190
28193
28201
28206
28208
28210
28232
28238
28240
28245
28252
28253
28276
28278
28280
28294
28300
28309
28322
28334
28336
28338
28343
28354
28359
28363
28365
28399
28410
28414
28417
28429
28432
28440
28442
28449
28450
28454
28472
28473
28477
28508
28510
28511
28525
28529
28540
28541
28548
28563
28575
28581
28582
28585
28588
28601
28607
28608
28609
28611
28617
28635
28652
28669
28676
28677
28680
28690
28695
28700
28701
28710
28713
28743
28744
28747
28761
28770
28792
28806
28809
28816
28829
28832
28835
28836
28846
28862
28863
28874
28885
28895
28902
28908
28912
28925
28928
28929
28933
28939
28943
28951
28959
28961
28979
28982
28983
28990
29004
29007
29017
29018
29024
29034
29035
29036
29043
29044
29055
29084
29105
29149
29179
29192
29196
29217
29221
29225
29226
29238
29249
29251
29253
29261
29267
29279
29282
29283
29303
29317
29323
29325
29340
29349
29351
29357
29361
29364
29369
29374
29378
29380
29400
29418
29451
29454
29455
29469
29473
29481
29489
29490
29491
29492
29500
29505
29509
29511
29512
29514
29549
29554
29556
29558
29565
29578
29585
29588
29591
29596
29597
29599
29610
29614
29667
29695
29699
29703
29710
29717
29718
29719
29720
29731
29736
29738
29763
29764
29770
29771
29785
29792
29806
29812
29813
29815
29831
29833
29852
29857
29858
29862
29867
29878
29881
29892
29901
29903
29916
29923
29934
29935
29936
29940
29942
29944
29957
29971
29979
30013
30014
30016
30026
30032
30048
30063
30068
30069
30070
30077
30085
30089
30107
30117
30121
30134
30139
30140
30150
30161
30165
30167
30174
30181
30186
30187
30213
30233
30238
30240
30245
30251
30253
30257
30272
30275
30311
30321
30327
30331
30336
30358
30369
30375
30392
30415
30448
30455
30457
30474
30479
30480
30484
30485
30486
30497
30505
30507
30517
30519
30522
30538
30546
30557
30564
30571
30582
30583
30584
30587
30596
30602
30605
30617
30618
30653
30657
30661
30697
30711
30714
30722
30735
30738
30740
30748
30751
30770
30780
30797
30811
30829
30833
30840
30844
30853
30865
30877
30881
30883
30888
30904
30925
30944
30949
30961
30964
30990
31000
31008
31012
31015
31017
31022
31023
31041
31044
31060
31063
31065
31082
31094
31098
31106
31111
31127
31155
31170
31178
31182
31184
31198
31201
31202
31212
31217
31220
31221
31222
31232
31234
31241
31244
31245
31251
31252
31262
31280
31298
31314
31320
31326
31332
31344
31346
31350
31365
31368
31375
31377
31384
31387
31389
31394
31396
31397
31405
31406
31411
31412
31415
31417
31445
31450
31459
31460
31465
31472
31476
31497
31503
31528
31538
31558
31560
31563
31569
31570
31574
31580
31585
31593
31605
31616
31621
31625
31629
31646
31655
31661
31666
31675
31689
31700
31707
31709
31714
31715
31724
31735
31740
31749
31772
31776
31790
31794
31807
31814
31818
31820
31829
31843
31844
31856
31865
31873
31879
31881
31895
31905
31908
31927
31938
31940
31968
31972
31976
31982
32021
32024
32025
32042
32046
32049
32051
32060
32062
32063
32071
32072
32075
32076
32077
32084
32087
32098
32100
32102
32115
32122
32134
32139
32140
32141
32142
32148
32168
32188
32194
32202
32210
32227
32231
32244
32253
32264
32267
32278
32281
32282
32283
32298
32306
32308
32311
32332
32335
32336
32338
32343
32344
32346
32364
32365
32370
32374
32377
32381
32385
32388
32414
32426
32427
32429
32435
32437
32440
32463
32464
32470
32483
32496
32501
32509
32522
32531
32532
32541
32555
32556
32570
32577
32580
32583
32604
32609
32610
32611
32630
32651
32654
32680
32692
32693
32696
32697
32701
32715
32725
32738
32740
32741
32744
32746
32750
32754
32778
32792
32794
32804
32822
32823
32833
32839
32846
32868
32878
32895
32897
32906
32916
32919
32920
32924
32926
32931
32937
32945
32953
32988
32992
32995
33000
33003
33012
33013
33014
33017
33023
33024
33025
33029
33040
33046
33054
33057
33066
33068
33083
33084
33085
33087
33093
33110
33123
33124
33138
33139
33174
33188
33191
33194
33201
33203
33205
33208
33224
33232
33242
33255
33256
33258
33264
33277
33282
33284
33291
33293
33297
33319
33322
33333
33336
33342
33355
33360
33364
33376
33377
33408
33412
33413
33414
33416
33426
33442
33445
33449
33453
33466
33470
33483
33491
33495
33498
33499
33501
33507
33508
33512
33520
33532
33548
33555
33564
33575
33585
33609
33612
33622
33628
33637
33641
33642
33656
33663
33682
33694
33701
33720
33721
33738
33744
33746
33747
33748
33765
33772
33774
33786
33793
33802
33814
33820
33827
33863
33866
33885
33894
33903
33904
33918
33920
33924
33927
33929
33930
33935
33944
33945
33946
33966
33969
33972
33974
33976
33985
33990
33994
33998
34000
34003
34011
34014
34023
34030
34045
34051
34052
34064
34082
34083
34094
34106
34109
34130
34135
34137
34140
34142
34144
34156
34169
34172
34190
34193
34195
34198
34199
34200
34233
34235
34239
34244
34254
34267
34274
34282
34283
34289
34290
34298
34299
34304
34317
34318
34326
34347
34348
34368
34373
34381
34387
34388
34397
34413
34415
34425
34443
34450
34452
34456
34457
34464
34468
34473
34476
34487
34493
34509
34511
34513
34521
34558
34565
34569
34583
34584
34591
34592
34610
34620
34623
34626
34633
34640
34644
34652
34665
34668
34674
34690
34695
34699
34700
34704
34716
34722
34745
34754
34781
34793
34799
34801
34802
34811
34817
34824
34826
34827
34837
34838
34847
34854
34861
34867
34875
34879
34892
34918
34919
34924
34931
34934
34941
34944
34961
34962
34970
34973
34976
34981
34985
34991
34998
35002
35004
35013
35015
35018
35020
35023
35025
35045
35049
35064
35070
35075
35076
35092
35100
35119
35131
35146
35148
35152
35176
35190
35196
35197
35209
35210
35224
35227
35229
35233
35234
35239
35241
35243
35246
35269
35273
35275
35279
35281
35283
35287
35304
35313
35314
35322
35323
35325
35335
35343
35354
35362
35365
35380
35385
35394
35405
35410
35419
35434
35451
35453
35455
35456
35458
35465
35466
35468
35469
35475
35481
35490
35496
35502
35504
35506
35512
35521
35530
35532
35535
35552
35567
35575
35578
35579
35584
35590
35592
35594
35600
35605
35607
35613
35617
35618
35625
35636
35656
35659
35677
35682
35727
35750
35753
35774
35778
35779
35783
35789
35795
35803
35805
35810
35815
35826
35832
35837
35839
35852
35857
35872
35877
35879
35887
35899
35909
35911
35916
35919
35923
35939
35947
35958
35964
35970
35978
35994
35996
36000
36009
36020
36022
36031
36039
36043
36047
36054
36064
36070
36093
36095
36111
36115
36120
36125
36134
36136
36157
36160
36161
36162
36171
36185
36192
36198
36205
36215
36220
36226
36235
36260
36261
36263
36265
36284
36287
36289
36305
36307
36318
36321
36327
36332
36339
36342
36346
36353
36356
36366
36374
36375
36381
36383
36417
36418
36430
36432
36480
36487
36495
36520
36542
36543
36548
36549
36550
36557
36574
36575
36583
36584
36589
36612
36613
36617
36626
36628
36676
36685
36696
36706
36715
36725
36734
36739
36762
36765
36767
36770
36792
36795
36797
36799
36804
36805
36807
36814
36830
36834
36841
36844
36851
36876
36879
36893
36896
36899
36900
36918
36927
36929
36942
36990
36991
36992
36996
37007
37015
37020
37034
37039
37040
37045
37046
37050
37052
37053
37056
37061
37062
37064
37072
37079
37083
37085
37109
37128
37132
37138
37139
37143
37145
37157
37176
37178
37179
37181
37193
37199
37236
37243
37255
37259
37262
37267
37278
37314
37324
37327
37335
37340
37344
37350
37362
37367
37371
37375
37384
37385
37387
37398
37406
37412
37445
37448
37457
37472
37490
37496
37499
37501
37505
37511
37513
37515
37522
37529
37535
37536
37539
37542
37552
37555
37557
37564
37567
37570
37573
37577
37592
37594
37606
37609
37612
37621
37632
37636
37645
37656
37675
37680
37692
37695
37704
37706
37709
37718
37737
37748
37750
37754
37759
37769
37774
37775
37783
37786
37788
37789
37794
37807
37808
37825
37832
37838
37842
37846
37847
37868
37872
37888
37889
37897
37899
37905
37919
37920
37924
37941
37942
37954
37958
37982
37998
38019
38020
38021
38031
38040
38046
38047
38051
38073
38091
38095
38103
38107
38126
38128
38129
38140
38143
38150
38153
38155
38156
38170
38173
38176
38194
38212
38217
38218
38219
38222
38234
38235
38236
38244
38249
38253
38254
38262
38306
38315
38318
38320
38323
38330
38338
38343
38349
38366
38368
38370
38375
38380
38382
38401
38402
38405
38421
38437
38458
38466
38469
38491
38496
38507
38527
38543
38551
38554
38560
38561
38563
38584
38609
38616
38621
38634
38636
38652
38655
38663
38669
38670
38675
38677
38688
38700
38707
38709
38715
38718
38723
38724
38727
38728
38730
38738
38751
38753
38759
38768
38778
38804
38811
38831
38833
38834
38844
38866
38875
38882
38887
38889
38890
38891
38897
38898
38906
38911
38918
38921
38924
38936
38942
38953
38965
38995
38997
39007
39016
39021
39025
39038
39040
39045
39063
39079
39097
39101
39105
39109
39126
39157
39162
39164
39169
39177
39183
39186
39190
39201
39208
39236
39252
39256
39286
39288
39290
39291
39302
39310
39315
39318
39322
39323
39345
39363
39378
39384
39386
39390
39391
39392
39405
39408
39414
39418
39420
39421
39423
39428
39432
39439
39450
39454
39455
39459
39461
39476
39479
39490
39517
39528
39535
39537
39539
39549
39557
39562
39564
39591
39603
39621
39627
39632
39635
39640
39643
39645
39653
39666
39670
39681
39685
39692
39696
39698
39699
39702
39715
39727
39741
39745
39748
39753
39754
39756
39766
39767
39768
39777
39783
39789
39793
39810
39818
39821
39822
39825
39826
39833
39835
39842
39852
39854
39894
39916
39920
39925
39932
39935
39939
39948
39951
39966
39970
39972
39985
39986
39994
39999
40001
40013
40015
40023
40024
40027
40055
40059
40061
40068
40081
40089
40098
40101
40144
40146
40158
40174
40189
40194
40198
40225
40234
40240
40247
40258
40269
40273
40292
40299
40301
40325
40337
40344
40345
40353
40364
40387
40394
40395
40397
40399
40421
40422
40430
40463
40465
40473
40474
40477
40483
40486
40512
40516
40521
40527
40530
40533
40542
40550
40568
40593
40599
40608
40611
40628
40634
40636
40653
40659
40662
40668
40673
40681
40682
40694
40701
40704
40710
40716
40717
40729
40731
40746
40750
40756
40766
40789
40790
40795
40798
40807
40819
40838
40842
40844
40864
40871
40876
40878
40881
40890
40914
40927
40933
40944
40953
40957
40959
40962
40965
40977
40984
40990
40996
41006
41015
41032
41040
41052
41055
41062
41064
41073
41079
41081
41082
41090
41091
41103
41120
41126
41142
41143
41145
41152
41165
41181
41185
41188
41191
41195
41197
41202
41203
41221
41225
41243
41248
41259
41268
41296
41319
41333
41339
41348
41358
41361
41362
41363
41364
41365
41373
41377
41380
41390
41393
41394
41397
41400
41402
41408
41416
41425
41427
41428
41436
41440
41444
41446
41454
41455
41462
41471
41475
41476
41490
41516
41517
41521
41528
41532
41536
41537
41540
41555
41557
41561
41563
41578
41592
41611
41613
41627
41636
41640
41646
41687
41688
41708
41714
41716
41726
41731
41739
41743
41760
41768
41769
41789
41793
41804
41806
41819
41822
41826
41832
41838
41852
41853
41861
41870
41873
41875
41887
41891
41892
41896
41922
41924
41935
41956
41960
41969
41974
41976
41977
41984
41999
42006
42013
42014
42022
42024
42036
42046
42052
42065
42068
42076
42096
42108
42113
42121
42131
42138
42140
42147
42151
42153
42169
42184
42193
42194
42195
42196
42200
42205
42216
42231
42232
42236
42245
42249
42251
42266
42288
42294
42302
42309
42336
42338
42345
42348
42372
42380
42383
42384
42392
42393
42421
42429
42437
42439
42445
42462
42465
42466
42467
42504
42507
42525
42538
42547
42549
42557
42558
42565
42580
42583
42591
42594
42596
42613
42615
42649
42674
42676
42679
42725
42736
42749
42756
42757
42759
42764
42783
42787
42794
42795
42816
42819
42820
42823
42829
42832
42849
42872
42889
42899
42900
42904
42907
42923
42926
42931
42941
42942
42945
42950
42985
42991
42997
43013
43016
43030
43042
43046
43053
43058
43064
43065
43069
43075
43078
43083
43085
43095
43105
43110
43118
43126
43127
43147
43150
43155
43162
43167
43169
43179
43180
43196
43197
43198
43203
43205
43211
43241
43253
43258
43259
43280
43304
43310
43324
43332
43335
43345
43349
43352
43362
43369
43376
43384
43385
43391
43412
43437
43444
43455
43457
43461
43469
43482
43495
43501
43518
43524
43526
43532
43537
43539
43546
43559
43562
43575
43580
43584
43588
43594
43606
43622
43626
43634
43636
43637
43647
43666
43667
43668
43671
43712
43722
43724
43744
43753
43768
43769
43773
43787
43798
43800
43801
43807
43812
43822
43823
43824
43848
43854
43858
43870
43887
43891
43896
43898
43905
43908
43923
43929
43934
43945
43958
43966
43968
43986
44010
44021
44027
44040
44058
44063
44072
44085
44087
44092
44126
44132
44136
44149
44150
44173
44190
44226
44230
44242
44248
44255
44257
44263
44265
44267
44269
44279
44284
44299
44301
44309
44316
44319
44325
44332
44351
44353
44355
44360
44365
44366
44376
44378
44385
44395
44404
44413
44417
44422
44428
44443
44464
44485
44497
44506
44512
44515
44520
44535
44537
44540
44542
44544
44545
44555
44569
44578
44590
44593
44594
44614
44632
44634
44643
44649
44660
44664
44669
44677
44688
44695
44704
44706
44718
44722
44737
44749
44752
44774
44776
44781
44792
44798
44809
44812
44857
44858
44869
44879
44887
44903
44948
44965
44967
44975
44991
45006
45030
45035
45036
45054
45056
45065
45071
45073
45078
45086
45109
45111
45127
45128
45140
45141
45149
45166
45171
45180
45185
45187
45193
45216
45217
45227
45240
45250
45255
45261
45266
45284
45290
45298
45300
45307
45310
45318
45324
45344
45347
45350
45351
45352
45372
45375
45377
45384
45410
45413
45424
45430
45450
45454
45455
45456
45458
45460
45461
45467
45472
45478
45481
45500
45508
45513
45522
45525
45528
45548
45557
45559
45568
45573
45577
45579
45588
45609
45620
45626
45634
45635
45641
45644
45660
45670
45671
45672
45682
45683
45698
45699
45712
45719
45721
45725
45734
45762
45768
45781
45793
45801
45802
45820
45824
45842
45848
45850
45857
45866
45877
45880
45886
45910
45915
45935
45936
45947
45952
45958
45959
45963
45965
45970
45977
45980
45987
45988
45994
46001
46019
46027
46032
46042
46047
46053
46058
46059
46097
46098
46100
46104
46107
46113
46116
46130
46131
46133
46137
46145
46147
46153
46166
46180
46211
46217
46225
46226
46231
46233
46249
46256
46261
46276
46281
46296
46300
46301
46310
46323
46353
46362
46368
46390
46395
46403
46417
46442
46443
46445
46448
46468
46469
46498
46502
46510
46511
46514
46515
46516
46522
46524
46525
46552
46569
46596
46599
46601
46602
46613
46614
46621
46628
46634
46647
46653
46654
46656
46660
46667
46669
46683
46696
46699
46710
46721
46724
46744
46748
46758
46777
46784
46791
46798
46807
46812
46815
46818
46845
46847
46857
46869
46870
46877
46883
46890
46898
46899
46915
46931
46941
46943
46952
46967
46969
46971
46990
46992
46993
47002
47004
47017
47030
47042
47044
47051
47078
47086
47088
47092
47093
47095
47101
47116
47121
47122
47125
47128
47130
47149
47154
47155
47160
47163
47164
47167
47168
47174
47176
47180
47196
47203
47212
47218
47228
47232
47239
47262
47265
47266
47272
47273
47286
47287
47297
47317
47331
47337
47338
47349
47362
47369
47372
47400
47412
47425
47434
47444
47460
47465
47470
47471
47475
47483
47491
47495
47503
47509
47512
47528
47540
47542
47558
47559
47560
47561
47570
47583
47621
47639
47658
47661
47666
47671
47674
47681
47695
47700
47714
47715
47738
47744
47761
47769
47778
47785
47791
47792
47800
47815
47833
47835
47844
47884
47900
47902
47907
47908
47918
47923
47939
47941
47943
47955
47956
47961
47964
47974
47975
47976
47988
48004
48012
48021
48028
48045
48051
48065
48069
48074
48076
48083
48103
48126
48143
48146
48150
48161
48162
48164
48171
48173
48177
48182
48191
48192
48202
48222
48224
48228
48233
48244
48256
48257
48281
48289
48303
48304
48344
48350
48351
48356
48362
48363
48369
48376
48380
48385
48398
48413
48443
48453
48461
48480
48495
48506
48513
48515
48524
48532
48533
48539
48553
48558
48563
48566
48574
48602
48606
48608
48612
48631
48634
48640
48655
48656
48696
48697
48701
48702
48706
48714
48729
48740
48743
48746
48747
48754
48783
48791
48794
48795
48811
48819
48826
48851
48853
48858
48859
48865
48882
48911
48918
48922
48925
48937
48992
49019
49020
49059
49063
49069
49072
49081
49104
49123
49131
49143
49144
49146
49153
49170
49175
49178
49195
49204
49212
49213
49226
49229
49232
49242
49256
49257
49258
49259
49275
49282
49287
49292
49313
49315
49337
49346
49348
49351
49352
49374
49375
49387
49394
49397
49406
49413
49415
49417
49422
49424
49429
49431
49436
49440
49446
49449
49453
49458
49468
49474
49475
49479
49485
49507
49508
49510
49512
49530
49531
49535
49570
49575
49576
49577
49582
49600
49603
49616
49654
49664
49667
49669
49678
49700
49702
49705
49708
49712
49713
49714
49717
49723
49724
49727
49748
49754
49758
49760
49767
49768
49777
49793
49796
49797
49810
49821
49822
49824
49828
49838
49839
49841
49844
49856
49896
49902
49905
49911
49913
49924
49925
49927
49933
49934
49935
49943
49951
49958
49963
49972
49975
49988
49998
50002
50005
50012
50015
50046
50050
50071
50095
50102
50113
50139
50152
50154
50172
50177
50178
50182
50199
50200
50203
50207
50210
50229
50257
50259
50265
50282
50289
50291
50323
50327
50330
50349
50365
50385
50415
50433
50448
50452
50459
50466
50473
50474
50487
50507
50515
50520
50537
50539
50541
50549
50553
50569
50577
50579
50584
50593
50599
50604
50610
50614
50616
50622
50632
50644
50652
50656
50658
50659
50673
50674
50694
50703
50707
50708
50717
50719
50737
50739
50747
50759
50772
50780
50784
50786
50802
50809
50816
50817
50822
50827
50828
50842
50850
50852
50856
50860
50865
50887
50905
50918
50922
50926
50953
50963
50973
50974
50981
50992
51002
51007
51008
51010
51011
51014
51021
51026
51027
51028
51054
51067
51074
51099
51101
51113
51137
51140
51146
51153
51166
51203
51215
51221
51222
51224
51227
51240
51243
51251
51256
51297
51300
51302
51307
51308
51312
51317
51328
51332
51338
51340
51362
51372
51380
51384
51385
51395
51401
51406
51416
51425
51427
51431
51433
51435
51436
51442
51451
51453
51468
51498
51517
51531
51533
51542
51554
51570
51571
51575
51580
51581
51590
51594
51597
51609
51630
51649
51652
51665
51675
51688
51697
51732
51737
51747
51749
51753
51769
51789
51797
51800
51803
51810
51812
51824
51828
51830
51834
51841
51854
51857
51865
51869
51900
51913
51914
51933
51937
51938
51941
51943
51949
51956
51958
51961
51967
51971
51979
51990
51992
51994
51996
52001
52011
52012
52022
52025
52043
52055
52060
52067
52069
52073
52086
52091
52097
52107
52126
52133
52136
52138
52139
52144
52159
52169
52179
52186
52187
52196
52197
52208
52220
52221
52228
52232
52243
52247
52248
52253
52257
52259
52263
52272
52274
52275
52277
52285
52287
52313
52319
52339
52344
52349
52353
52354
52360
52364
52366
52371
52377
52380
52385
52391
52400
52415
52445
52447
52454
52455
52459
52474
52476
52484
52507
52509
52515
52524
52538
52549
52563
52568
52577
52580
52581
52586
52593
52603
52604
52636
52637
52642
52651
52662
52663
52668
52670
52688
52691
52696
52701
52707
52710
52714
52715
52719
52721
52727
52729
52731
52733
52737
52738
52750
52755
52756
52764
52767
52773
52777
52778
52780
52792
52803
52804
52806
52811
52831
52851
52857
52865
52869
52879
52881
52883
52884
52896
52918
52921
52927
52933
52950
52968
52971
52992
52993
53013
53014
53022
53029
53033
53037
53042
53047
53066
53071
53083
53084
53112
53124
53138
53144
53145
53163
53166
53167
53168
53177
53193
53224
53235
53238
53239
53252
53258
53259
53288
53323
53329
53332
53336
53340
53342
53358
53375
53380
53386
53394
53396
53402
53406
53423
53445
53486
53488
53492
53500
53508
53510
53528
53536
53540
53546
53553
53554
53560
53561
53569
53587
53590
53599
53605
53609
53617
53618
53626
53627
53629
53652
53659
53671
53684
53686
53699
53705
53712
53726
53729
53739
53740
53751
53752
53765
53780
53785
53796
53799
53810
53819
53822
53854
53861
53870
53876
53895
53899
53905
53911
53918
53939
53962
53968
53974
53976
53990
53999
54018
54020
54026
54029
54049
54051
54054
54057
54062
54064
54068
54077
54085
54096
54099
54101
54111
54123
54131
54138
54143
54145
54149
54159
54166
54178
54183
54194
54202
54208
54211
54212
54219
54232
54236
54250
54255
54256
54264
54272
54282
54305
54310
54336
54346
54360
54368
54374
54413
54415
54436
54438
54452
54468
54477
54482
54489
54503
54510
54520
54528
54536
54552
54554
54558
54559
54562
54568
54575
54578
54595
54609
54613
54646
54649
54658
54661
54675
54681
54682
54687
54694
54696
54732
54760
54765
54767
54787
54788
54810
54816
54818
54835
54846
54850
54852
54853
54868
54871
54872
54893
54895
54897
54898
54905
54906
54907
54920
54926
54935
54936
54956
54963
54976
54978
54982
54993
54995
54998
55000
55001
55002
55016
55024
55029
55048
55054
55065
55068
55073
55084
55088
55092
55093
55095
55106
55113
55119
55125
55137
55138
55142
55147
55156
55172
55176
55180
55191
55202
55208
55209
55223
55226
55236
55248
55257
55277
55282
55285
55286
55299
55304
55334
55355
55370
55377
55383
55384
55385
55386
55396
55402
55406
55425
55427
55443
55447
55465
55468
55477
55484
55501
55506
55525
55545
55550
55562
55566
55577
55579
55592
55595
55597
55600
55610
55621
55624
55638
55641
55661
55685
55689
55712
55724
55725
55738
55741
55742
55758
55759
55766
55769
55786
55795
55799
55807
55808
55819
55825
55831
55835
55839
55840
55843
55847
55854
55866
55867
55872
55876
55878
55885
55896
55903
55916
55921
55922
55930
55939
55971
55976
55979
55986
55990
55993
55998
56003
56011
56031
56032
56047
56051
56053
56063
56072
56074
56075
56082
56102
56111
56113
56124
56130
56131
56141
56143
56158
56162
56164
56166
56174
56177
56216
56225
56226
56244
56246
56251
56259
56271
56272
56274
56280
56281
56355
56366
56368
56389
56407
56414
56415
56424
56435
56441
56448
56451
56460
56487
56491
56496
56502
56521
56522
56546
56548
56554
56565
56570
56573
56578
56600
56606
56614
56625
56629
56641
56647
56649
56651
56664
56668
56698
56706
56726
56727
56747
56749
56750
56752
56788
56803
56806
56813
56830
56835
56836
56842
56859
56863
56869
56873
56875
56877
56892
56898
56901
56903
56910
56912
56915
56926
56933
56944
56945
56950
56951
56956
56963
56965
56972
56975
56990
56998
57009
57011
57027
57028
57030
57047
57051
57071
57081
57087
57097
57114
57119
57125
57165
57168
57183
57184
57192
57198
57200
57228
57234
57237
57244
57256
57258
57261
57262
57282
57289
57291
57293
57316
57328
57339
57342
57353
57354
57355
57366
57377
57388
57422
57424
57426
57432
57444
57457
57460
57462
57470
57485
57497
57507
57509
57519
57534
57549
57550
57557
57560
57563
57567
57571
57572
57577
57578
57589
57593
57595
57602
57605
57622
57626
57631
57635
57636
57642
57653
57663
57665
57666
57668
57672
57689
57695
57701
57702
57705
57706
57729
57733
57735
57738
57740
57742
57750
57759
57776
57800
57806
57811
57814
57830
57833
57852
57853
57863
57872
57873
57891
57894
57898
57900
57908
57909
57910
57944
57947
57952
57953
57956
57971
57976
57984
57994
57997
57998
58002
58004
58019
58022
58034
58046
58073
58093
58102
58107
58111
58127
58129
58138
58152
58155
58156
58157
58169
58171
58173
58182
58188
58198
58224
58252
58273
58279
58287
58300
58302
58311
58319
58338
58341
58349
58361
58362
58372
58384
58387
58391
58392
58396
58403
58405
58407
58415
58422
58440
58448
58452
58457
58458
58462
58468
58475
58480
58494
58499
58506
58508
58520
58535
58537
58539
58559
58572
58584
58591
58615
58629
58634
58640
58641
58645
58654
58669
58670
58671
58675
58684
58686
58689
58692
58702
58707
58710
58713
58717
58740
58746
58767
58773
58778
58784
58798
58812
58816
58817
58823
58835
58839
58861
58873
58875
58881
58883
58885
58893
58898
58902
58911
58916
58918
58921
58930
58935
58943
58977
58988
59006
59015
59018
59044
59056
59060
59061
59082
59085
59093
59101
59104
59108
59112
59125
59136
59149
59165
59170
59174
59177
59180
59183
59185
59188
59200
59205
59209
59210
59219
59234
59248
59250
59255
59265
59268
59269
59270
59281
59289
59292
59293
59314
59329
59339
59344
59349
59351
59353
59392
59393
59395
59396
59399
59408
59410
59441
59445
59447
59450
59455
59462
59464
59465
59470
59471
59473
59474
59479
59480
59493
59508
59515
59545
59550
59565
59570
59571
59576
59582
59586
59597
59602
59614
59619
59623
59624
59626
59633
59634
59640
59644
59655
59659
59662
59672
59710
59711
59715
59729
59734
59754
59768
59783
59792
59793
59808
59810
59823
59828
59835
59838
59848
59849
59850
59853
59854
59861
59872
59882
59884
59904
59905
59906
59917
59931
59940
59944
59958
59961
59963
59969
59975
59983
59987
59990
60001
60007
60016
60017
60031
60041
60054
60061
60063
60070
60079
60104
60105
60115
60116
60123
60126
60154
60159
60164
60166
60170
60177
60180
60188
60191
60211
60212
60218
60224
60257
60258
60268
60279
60302
60310
60312
60316
60322
60326
60331
60339
60359
60362
60363
60365
60374
60377
60379
60387
60389
60393
60416
60419
60420
60431
60451
60453
60454
60458
60459
60476
60496
60498
60500
60507
60512
60514
60520
60529
60543
60544
60547
60557
60579
60588
60596
60598
60626
60632
60646
60649
60657
60666
60669
60692
60699
60707
60709
60730
60744
60746
60748
60749
60757
60765
60769
60774
60780
60784
60789
60790
60797
60800
60804
60816
60820
60821
60824
60838
60839
60843
60850
60856
60858
60866
60881
60887
60917
60923
60929
60932
60942
60945
60949
60981
60985
60991
60993
60996
61011
61024
61031
61042
61048
61049
61059
61060
61065
61078
61082
61087
61089
61090
61093
61103
61112
61113
61136
61148
61169
61171
61180
61196
61197
61201
61202
61204
61217
61223
61235
61239
61241
61247
61256
61258
61263
61273
61283
61290
61305
61327
61332
61336
61337
61344
61352
61354
61355
61356
61361
61362
61367
61368
61383
61405
61413
61414
61417
61422
61442
61458
61461
61464
61469
61478
61482
61498
61509
61518
61535
61540
61543
61554
61555
61565
61569
61572
61582
61584
61589
61608
61609
61618
61620
61631
61634
61647
61653
61657
61669
61675
61683
61684
61687
61701
61707
61716
61719
61731
61734
61737
61746
61766
61768
61770
61782
61789
61796
61804
61819
61820
61829
61831
61837
61840
61843
61844
61847
61855
61857
61863
61864
61868
61875
61878
61880
61881
61882
61885
61923
61928
61931
61946
61947
61948
61949
61962
61965
61980
61989
62002
62005
62025
62030
62042
62047
62054
62057
62089
62097
62104
62117
62137
62143
62153
62157
62175
62180
62195
62198
62203
62204
62212
62221
62233
62240
62247
62260
62268
62271
62272
62277
62278
62281
62282
62289
62293
62299
62316
62321
62325
62330
62331
62337
62341
62342
62348
62354
62370
62372
62393
62405
62412
62418
62423
62428
62439
62442
62446
62451
62454
62481
62497
62508
62528
62548
62551
62565
62584
62587
62601
62607
62609
62619
62627
62630
62644
62647
62654
62657
62662
62663
62679
62687
62688
62690
62693
62694
62722
62741
62745
62749
62763
62825
62835
62843
62846
62863
62871
62875
62879
62890
62896
62907
62909
62916
62923
62933
62944
62946
62949
62951
62975
62981
62996
62997
62998
63014
63019
63023
63024
63026
63034
63047
63055
63062
63069
63072
63075
63089
63090
63091
63093
63096
63098
63105
63113
63120
63121
63125
63136
63138
63145
63162
63165
63169
63172
63184
63191
63192
63194
63227
63237
63241
63243
63244
63247
63248
63252
63255
63277
63283
63289
63292
63308
63318
63319
63329
63344
63361
63362
63371
63373
63380
63383
63391
63396
63401
63426
63430
63441
63450
63459
63460
63464
63469
63472
63480
63482
63491
63497
63504
63508
63509
63513
63523
63526
63528
63542
63562
63574
63584
63595
63613
63620
63642
63651
63655
63659
63662
63671
63687
63696
63707
63708
63713
63715
63723
63727
63730
63731
63739
63772
63780
63806
63814
63815
63826
63837
63842
63846
63851
63852
63866
63868
63869
63887
63902
63912
63929
63936
63946
63951
63964
63970
63994
64001
64020
64029
64034
64039
64040
64049
64050
64053
64065
64089
64110
64114
64131
64141
64148
64155
64164
64169
64173
64177
64181
64195
64203
64208
64212
64217
64223
64225
64227
64237
64244
64248
64262
64273
64282
64284
64307
64315
64318
64322
64324
64329
64330
64331
64352
64361
64367
64373
64383
64386
64417
64439
64440
64456
64457
64464
64523
64547
64551
64557
64560
64567
64572
64583
64592
64595
64603
64613
64634
64636
64640
64643
64647
64648
64655
64669
64670
64677
64679
64693
64694
64708
64712
64725
64735
64746
64751
64755
64768
64769
64779
64780
64783
64786
64800
64804
64819
64837
64843
64849
64850
64851
64856
64874
64878
64886
64888
64896
64919
64925
64926
64948
64956
64972
64977
64987
65001
65005
65008
65024
65025
65031
65034
65060
65076
65084
65091
65096
65098
65102
65116
65139
65147
65161
65165
65169
65181
65194
65197
65218
65222
65235
65238
65255
65263
65282
65285
65287
65292
65298
65303
65312
65329
65330
65339
65340
65341
65348
65352
65372
65375
65383
65385
65387
65391
65402
65409
65417
65421
65433
65446
65454
65467
65468
65472
65480
65517
65518
65519
65532
65536
65553
65570
65576
65598
65602
65609
65618
65621
65628
65629
65647
65652
65653
65665
65674
65676
65680
65684
65690
65692
65694
65703
65704
65705
65709
65725
65730
65732
65758
65764
65766
65770
65772
65777
65778
65782
65788
65791
65798
65802
65803
65813
65814
65842
65845
65854
65871
65878
65896
65914
65918
65936
65962
65966
65967
65971
65972
65984
65993
65997
65999
66009
66035
66043
66046
66053
66058
66075
66083
66087
66102
66110
66113
66119
66127
66135
66138
66175
66185
66189
66195
66206
66209
66217
66226
66242
66243
66252
66266
66269
66287
66289
66291
66298
66303
66310
66314
66315
66316
66327
66328
66329
66331
66340
66345
66351
66357
66361
66372
66374
66376
66383
66388
66402
66422
66423
66429
66437
66438
66480
66485
66508
66512
66516
66518
66520
66525
66538
66540
66559
66560
66561
66572
66579
66583
66588
66608
66609
66642
66644
66669
66673
66685
66689
66691
66694
66697
66699
66707
66711
66715
66716
66717
66733
66736
66737
66738
66747
66748
66762
66765
66767
66770
66776
66778
66787
66794
66806
66807
66809
66810
66811
66831
66832
66838
66847
66866
66875
66877
66880
66899
66905
66906
66914
66928
66941
66945
66957
66960
67021
67026
67034
67035
67046
67048
67062
67070
67073
67076
67078
67082
67090
67098
67099
67103
67108
67111
67142
67146
67148
67155
67167
67181
67191
67208
67232
67244
67261
67268
67276
67281
67300
67314
67318
67333
67343
67353
67355
67361
67375
67383
67388
67405
67412
67419
67423
67424
67428
67444
67455
67463
67485
67508
67521
67525
67531
67533
67534
67553
67557
67566
67568
67573
67576
67599
67609
67611
67620
67631
67638
67649
67661
67671
67673
67691
67700
67705
67708
67713
67720
67721
67725
67730
67735
67740
67741
67743
67755
67762
67775
67779
67792
67796
67803
67808
67819
67821
67831
67834
67860
67862
67875
67876
67880
67893
67898
67899
67908
67919
67921
67923
67950
67952
67958
67977
67983
68007
68008
68013
68016
68029
68033
68040
68042
68044
68058
68099
68102
68121
68122
68127
68135
68142
68143
68161
68166
68171
68173
68187
68191
68192
68193
68194
68199
68212
68213
68224
68234
68249
68253
68254
68256
68263
68285
68287
68297
68301
68303
68305
68306
68315
68340
68355
68359
68369
68373
68379
68380
68382
68383
68391
68392
68394
68402
68408
68413
68431
68432
68445
68446
68464
68473
68476
68477
68479
68482
68490
68492
68501
68508
68510
68515
68517
68527
68531
68532
68537
68538
68553
68557
68565
68568
68590
68614
68621
68622
68625
68628
68633
68638
68648
68652
68656
68684
68699
68714
68715
68722
68729
68744
68746
68764
68765
68777
68780
68802
68806
68818
68819
68833
68844
68859
68862
68874
68880
68884
68896
68900
68903
68923
68928
68954
68957
68959
68987
69012
69027
69028
69029
69034
69036
69053
69063
69069
69085
69086
69087
69090
69092
69101
69103
69121
69131
69134
69137
69154
69158
69162
69167
69170
69177
69178
69195
69199
69219
69225
69234
69239
69246
69254
69270
69279
69287
69288
69302
69303
69304
69318
69327
69347
69355
69362
69363
69365
69391
69392
69408
69418
69432
69453
69462
69463
69472
69481
69492
69507
69512
69513
69521
69523
69551
69559
69560
69567
69572
69581
69590
69603
69606
69610
69635
69641
69648
69650
69651
69657
69660
69666
69676
69698
69704
69713
69724
69732
69752
69758
69759
69776
69800
69820
69828
69870
69872
69877
69881
69888
69890
69894
69902
69908
69911
69924
69928
69943
69949
69950
69959
69967
69968
69970
69992
70029
70035
70046
70057
70058
70061
70062
70070
70074
70077
70080
70112
70119
70120
70124
70126
70129
70131
70136
70137
70162
70173
70177
70187
70212
70218
70230
70241
70258
70261
70268
70275
70279
70281
70283
70308
70320
70327
70347
70362
70364
70372
70394
70405
70408
70414
70420
70426
70431
70434
70437
70440
70441
70453
70461
70462
70464
70466
70468
70484
70487
70488
70491
70495
70496
70514
70535
70538
70558
70563
70564
70569
70572
70583
70584
70595
70598
70607
70615
70625
70627
70631
70653
70654
70658
70675
70676
70696
70703
70705
70706
70720
70729
70738
70757
70759
70765
70775
70792
70794
70795
70801
70809
70813
70823
70824
70825
70826
70833
70848
70854
70856
70864
70876
70888
70890
70937
70940
70949
70951
70952
70954
70960
70984
70993
70997
71004
71006
71013
71015
71017
71029
71030
71034
71039
71048
71062
71063
71068
71071
71090
71103
71105
71113
71130
71132
71148
71151
71156
71161
71168
71175
71179
71181
71187
71188
71193
71199
71203
71205
71224
71233
71238
71242
71250
71253
71254
71261
71264
71270
71275
71276
71283
71285
71297
71315
71317
71330
71348
71373
71406
71409
71424
71425
71432
71446
71457
71462
71466
71468
71498
71502
71510
71513
71515
71541
71542
71549
71559
71560
71569
71570
71571
71574
71575
71586
71593
71598
71614
71618
71620
71624
71634
71669
71679
71686
71701
71708
71713
71734
71735
71737
71739
71742
71751
71758
71761
71764
71772
71774
71777
71781
71798
71822
71831
71835
71850
71852
71860
71873
71895
71905
71920
71929
71935
71969
71976
71989
72001
72002
72006
72032
72049
72056
72057
72074
72082
72089
72095
72096
72098
72105
72109
72117
72120
72122
72125
72134
72137
72141
72142
72151
72159
72164
72184
72199
72201
72219
72222
72226
72233
72255
72265
72271
72275
72290
72293
72300
72319
72335
72340
72351
72371
72373
72389
72395
72398
72404
72412
72417
72425
72435
72443
72471
72472
72480
72483
72487
72494
72515
72527
72530
72531
72534
72547
72551
72565
72581
72583
72606
72616
72620
72624
72625
72639
72645
72653
72654
72655
72710
72711
72715
72733
72745
72750
72751
72753
72762
72791
72795
72807
72811
72828
72859
72863
72873
72876
72894
72895
72911
72919
72930
72933
72934
72937
72945
72946
72952
72956
72975
72977
72981
72983
72985
72992
72999
